# check: GM1, Lambda_wr = 0: Mmax = 2.361 Msun (full pipeline 2.360, GM 1991: 2.35)
# model J L n_DU[fm-3] M_DU[Msun] Mmax[Msun] R1.4[km] passes_cuts
# R1.4 column: approximate (no NSCool crust), 0.2-0.4 km too small; do not quote. M_DU and Mmax good to ~0.01 Msun.
GM1        28.0   50.0     none     inf  2.334   12.34 1
GM1        28.0   55.0     none     inf  2.332   12.35 1
GM1        28.0   60.0   1.5222     inf  2.330   12.38 1
GM1        28.0   65.0   1.0088     inf  2.328   12.43 1
GM1        28.0   70.0   0.6361   2.207  2.327   12.49 1
GM1        28.0   75.0   0.4431   1.796  2.330   12.59 1
GM1        29.5   50.0     none     inf  2.330   12.42 1
GM1        29.5   55.0     none     inf  2.329   12.43 1
GM1        29.5   60.0   1.4302     inf  2.327   12.45 1
GM1        29.5   65.0   1.0215     inf  2.325   12.49 1
GM1        29.5   70.0   0.6941   2.256  2.324   12.55 1
GM1        29.5   75.0   0.4835   1.900  2.323   12.62 1
GM1        31.0   50.0     none     inf  2.327   12.49 1
GM1        31.0   55.0     none     inf  2.325   12.50 1
GM1        31.0   60.0   1.3271     inf  2.324   12.53 1
GM1        31.0   65.0   0.9963     inf  2.322   12.56 1
GM1        31.0   70.0   0.7205   2.270  2.320   12.60 1
GM1        31.0   75.0   0.5146   1.971  2.319   12.67 1
GM1        32.5   50.0     none     inf  2.324   12.57 1
GM1        32.5   55.0   1.5413     inf  2.322   12.58 1
GM1        32.5   60.0   1.2315     inf  2.320   12.60 1
GM1        32.5   65.0   0.9597     inf  2.319   12.63 1
GM1        32.5   70.0   0.7116   2.260  2.317   12.67 1
GM1        32.5   75.0   0.5276   1.993  2.316   12.72 1
GM1        34.0   50.0     none     inf  2.320   12.65 1
GM1        34.0   55.0   1.3777     inf  2.319   12.66 1
GM1        34.0   60.0   1.1286     inf  2.317   12.67 1
GM1        34.0   65.0   0.9017     inf  2.316   12.70 1
GM1        34.0   70.0   0.6941   2.242  2.314   12.73 1
GM1        34.0   75.0   0.5210   1.968  2.313   12.78 1
GM1        35.5   50.0   1.4663     inf  2.317   12.72 1
GM1        35.5   55.0   1.2469     inf  2.316   12.73 1
GM1        35.5   60.0   1.0343     inf  2.314   12.75 1
GM1        35.5   65.0   0.8473   2.308  2.313   12.77 1
GM1        35.5   70.0   0.6603   2.205  2.311   12.80 1
GM1        35.5   75.0   0.5082   1.925  2.310   12.84 1
GM2        28.0   50.0     none     inf  2.022   11.82 1
GM2        28.0   55.0     none     inf  2.019   11.87 1
GM2        28.0   60.0     none     inf  2.017   11.93 1
GM2        28.0   65.0     none     inf  2.015   12.04 1
GM2        28.0   70.0   1.3271     inf  2.019   12.19 1
GM2        28.0   75.0   0.4061   1.450  2.058   12.41 1
GM2        29.5   50.0     none     inf  2.018   11.88 1
GM2        29.5   55.0     none     inf  2.016   11.92 1
GM2        29.5   60.0     none     inf  2.014   11.97 1
GM2        29.5   65.0     none     inf  2.012   12.06 1
GM2        29.5   70.0     none     inf  2.011   12.17 1
GM2        29.5   75.0   0.5146   1.642  2.018   12.33 1
GM2        31.0   50.0     none     inf  2.015   11.94 1
GM2        31.0   55.0     none     inf  2.013   11.97 1
GM2        31.0   60.0     none     inf  2.011   12.02 1
GM2        31.0   65.0     none     inf  2.008   12.09 1
GM2        31.0   70.0     none     inf  2.007   12.18 1
GM2        31.0   75.0     none     inf  2.008   12.31 1
GM2        32.5   50.0     none     inf  2.012   12.00 1
GM2        32.5   55.0     none     inf  2.010   12.03 1
GM2        32.5   60.0     none     inf  2.007   12.07 1
GM2        32.5   65.0     none     inf  2.005   12.13 1
GM2        32.5   70.0     none     inf  2.003   12.21 1
GM2        32.5   75.0     none     inf  2.003   12.31 1
GM2        34.0   50.0     none     inf  2.008   12.06 1
GM2        34.0   55.0     none     inf  2.006   12.08 1
GM2        34.0   60.0     none     inf  2.004   12.12 1
GM2        34.0   65.0     none     inf  2.002   12.17 1
GM2        34.0   70.0     none     inf  2.000   12.24 1
GM2        34.0   75.0     none     inf  1.999   12.33 0
GM2        35.5   50.0     none     inf  2.005   12.12 1
GM2        35.5   55.0     none     inf  2.003   12.15 1
GM2        35.5   60.0     none     inf  2.001   12.18 1
GM2        35.5   65.0     none     inf  1.999   12.22 0
GM2        35.5   70.0     none     inf  1.998   12.28 0
GM2        35.5   75.0     none     inf  1.996   12.35 0
FSUGarnet  28.0   50.0   0.6855   2.024  2.080   12.10 1
FSUGarnet  28.0   55.0   0.6361   1.989  2.080   12.50 1
FSUGarnet  28.0   60.0   0.5902   1.944  2.080   12.49 1
FSUGarnet  28.0   65.0   0.5342   1.867  2.081   12.49 1
FSUGarnet  28.0   70.0   0.4835   1.771  2.082   12.50 1
FSUGarnet  28.0   75.0   0.4322   1.643  2.085   12.56 1
FSUGarnet  29.5   50.0   0.6127   1.962  2.076   12.25 1
FSUGarnet  29.5   55.0   0.5757   1.920  2.076   12.59 1
FSUGarnet  29.5   60.0   0.5342   1.859  2.077   12.58 1
FSUGarnet  29.5   65.0   0.4896   1.773  2.077   12.57 1
FSUGarnet  29.5   70.0   0.4543   1.690  2.078   12.58 1
FSUGarnet  29.5   75.0   0.4112   1.564  2.080   12.60 1
FSUGarnet  31.0   50.0   0.5546   1.884  2.073   12.67 1
FSUGarnet  31.0   55.0   0.5210   1.828  2.073   12.67 1
FSUGarnet  31.0   60.0   0.4896   1.764  2.074   12.66 1
FSUGarnet  31.0   65.0   0.4543   1.677  2.074   12.66 1
FSUGarnet  31.0   70.0   0.4215   1.582  2.075   12.67 1
FSUGarnet  31.0   75.0   0.3912   1.480  2.077   12.69 1
FSUGarnet  32.5   50.0   0.5019   1.782  2.070   12.76 1
FSUGarnet  32.5   55.0   0.4775   1.727  2.070   12.76 1
FSUGarnet  32.5   60.0   0.4487   1.651  2.070   12.76 1
FSUGarnet  32.5   65.0   0.4215   1.568  2.071   12.75 1
FSUGarnet  32.5   70.0   0.3961   1.481  2.072   12.75 1
FSUGarnet  32.5   75.0   0.3675   1.372  2.073   12.77 1
FSUGarnet  34.0   50.0   0.4600   1.672  2.067   12.83 1
FSUGarnet  34.0   55.0   0.4376   1.607  2.067   12.83 1
FSUGarnet  34.0   60.0   0.4163   1.538  2.067   12.84 1
FSUGarnet  34.0   65.0   0.3912   1.447  2.068   12.84 1
FSUGarnet  34.0   70.0   0.3675   1.353  2.069   12.84 1
FSUGarnet  34.0   75.0   0.3453   1.260  2.070   12.85 1
FSUGarnet  35.5   50.0   0.4268   1.562  2.064   12.92 1
FSUGarnet  35.5   55.0   0.4061   1.490  2.064   12.93 1
FSUGarnet  35.5   60.0   0.3815   1.394  2.065   12.92 1
FSUGarnet  35.5   65.0   0.3630   1.316  2.065   12.92 1
FSUGarnet  35.5   70.0   0.3453   1.240  2.066   12.92 1
FSUGarnet  35.5   75.0   0.3245   1.145  2.067   12.93 1
IOPB-I     28.0   50.0   0.6440   2.054  2.131   12.60 1
IOPB-I     28.0   55.0   0.5976   2.011  2.131   12.60 1
IOPB-I     28.0   60.0   0.5477   1.946  2.131   12.58 1
IOPB-I     28.0   65.0   0.4957   1.852  2.132   12.59 1
IOPB-I     28.0   70.0   0.4487   1.738  2.133   12.61 1
IOPB-I     28.0   75.0   0.4010   1.591  2.136   12.67 1
IOPB-I     29.5   50.0   0.5829   1.988  2.128   12.70 1
IOPB-I     29.5   55.0   0.5409   1.928  2.127   12.69 1
IOPB-I     29.5   60.0   0.5019   1.856  2.128   12.68 1
IOPB-I     29.5   65.0   0.4658   1.772  2.128   12.68 1
IOPB-I     29.5   70.0   0.4268   1.661  2.129   12.69 1
IOPB-I     29.5   75.0   0.3863   1.520  2.131   12.72 1
IOPB-I     31.0   50.0   0.5276   1.898  2.124   12.78 1
IOPB-I     31.0   55.0   0.4957   1.835  2.124   12.77 1
IOPB-I     31.0   60.0   0.4658   1.762  2.124   12.77 1
IOPB-I     31.0   65.0   0.4322   1.665  2.125   12.77 1
IOPB-I     31.0   70.0   0.4010   1.558  2.125   12.78 1
IOPB-I     31.0   75.0   0.3675   1.427  2.127   12.80 1
IOPB-I     32.5   50.0   0.4835   1.798  2.121   12.86 1
IOPB-I     32.5   55.0   0.4543   1.721  2.121   12.86 1
IOPB-I     32.5   60.0   0.4268   1.635  2.121   12.85 1
IOPB-I     32.5   65.0   0.4010   1.544  2.121   12.85 1
IOPB-I     32.5   70.0   0.3768   1.448  2.122   12.86 1
IOPB-I     32.5   75.0   0.3497   1.331  2.123   12.88 1
IOPB-I     34.0   50.0   0.4431   1.678  2.118   12.95 1
IOPB-I     34.0   55.0   0.4215   1.606  2.118   12.94 1
IOPB-I     34.0   60.0   0.3961   1.511  2.118   12.94 1
IOPB-I     34.0   65.0   0.3768   1.433  2.118   12.94 1
IOPB-I     34.0   70.0   0.3540   1.332  2.119   12.95 1
IOPB-I     34.0   75.0   0.3326   1.234  2.120   12.96 1
IOPB-I     35.5   50.0   0.4112   1.558  2.115   13.03 1
IOPB-I     35.5   55.0   0.3912   1.479  2.115   13.03 1
IOPB-I     35.5   60.0   0.3721   1.397  2.115   13.03 1
IOPB-I     35.5   65.0   0.3497   1.293  2.115   13.03 1
IOPB-I     35.5   70.0   0.3285   1.190  2.116   13.03 1
IOPB-I     35.5   75.0   0.3125   1.114  2.117   13.04 1
BigApple   28.0   50.0   0.7387   2.598  2.598   12.69 1
BigApple   28.0   55.0   0.6686   2.582  2.598   12.66 1
BigApple   28.0   60.0   0.5976   2.533  2.597   12.65 1
BigApple   28.0   65.0   0.5342   2.443  2.595   12.65 1
BigApple   28.0   70.0   0.4716   2.284  2.594   12.66 1
BigApple   28.0   75.0   0.4163   2.057  2.594   12.72 1
BigApple   29.5   50.0   0.6440   2.567  2.595   12.77 1
BigApple   29.5   55.0   0.5902   2.522  2.594   12.74 1
BigApple   29.5   60.0   0.5409   2.451  2.593   12.74 1
BigApple   29.5   65.0   0.4896   2.332  2.592   12.73 1
BigApple   29.5   70.0   0.4431   2.170  2.591   12.74 1
BigApple   29.5   75.0   0.4010   1.964  2.590   12.76 1
BigApple   31.0   50.0   0.5757   2.501  2.592   12.86 1
BigApple   31.0   55.0   0.5342   2.434  2.591   12.83 1
BigApple   31.0   60.0   0.4896   2.327  2.590   12.82 1
BigApple   31.0   65.0   0.4543   2.207  2.589   12.82 1
BigApple   31.0   70.0   0.4163   2.035  2.588   12.83 1
BigApple   31.0   75.0   0.3815   1.834  2.587   12.84 1
BigApple   32.5   50.0   0.5210   2.402  2.588   12.94 1
BigApple   32.5   55.0   0.4835   2.303  2.587   12.92 1
BigApple   32.5   60.0   0.4487   2.178  2.586   12.91 1
BigApple   32.5   65.0   0.4215   2.053  2.586   12.90 1
BigApple   32.5   70.0   0.3912   1.882  2.585   12.90 1
BigApple   32.5   75.0   0.3630   1.694  2.584   12.92 1
BigApple   34.0   50.0   0.4716   2.259  2.585   13.02 1
BigApple   34.0   55.0   0.4431   2.148  2.584   13.00 1
BigApple   34.0   60.0   0.4163   2.018  2.583   12.99 1
BigApple   34.0   65.0   0.3912   1.871  2.582   12.99 1
BigApple   34.0   70.0   0.3675   1.712  2.581   12.99 1
BigApple   34.0   75.0   0.3453   1.547  2.581   13.00 1
BigApple   35.5   50.0   0.4322   2.091  2.582   13.10 1
BigApple   35.5   55.0   0.4112   1.982  2.581   13.09 1
BigApple   35.5   60.0   0.3863   1.830  2.580   13.08 1
BigApple   35.5   65.0   0.3675   1.699  2.579   13.07 1
BigApple   35.5   70.0   0.3453   1.530  2.578   13.08 1
BigApple   35.5   75.0   0.3285   1.397  2.578   13.08 1
