# model J L Ksym S(2n0) S(3n0) xp(2n0) xp(3n0) n_DU M_DU Mmax R14   (Ksym,S in MeV; n in fm-3; M in Msun; M_DU/Mmax/R14 from pipeline MR curves)
BigApple   25.0   50.0     85.1  45.88  60.29 0.0864 0.1217  1.0604     inf  2.606  13.36
BigApple   25.0   55.0     51.1  46.45  60.82 0.0883 0.1232  0.9245     inf  2.605  13.45
BigApple   25.0   60.0     31.3  47.19  61.56 0.0909 0.1252  0.7862     inf  2.604  13.53
BigApple   25.0   65.0     25.9  48.19  62.67 0.0942 0.1281  0.6440   2.577  2.603  13.61
BigApple   25.0   70.0     34.7  49.59  64.48 0.0989 0.1329  0.5210   2.429  2.602  13.70
BigApple   25.0   75.0     57.8  51.72  68.01 0.1059 0.1421  0.4215   2.110  2.603  13.82
BigApple   25.0   80.0     95.1  55.34  77.90 0.1177 0.1662  0.3497   1.727  2.623  13.97
BigApple   26.5   45.0    110.3  46.55  60.72 0.0887 0.1229  0.9718     inf  2.603  13.25
BigApple   26.5   50.0     67.8  47.05  61.17 0.0904 0.1241  0.8686     inf  2.602  13.33
BigApple   26.5   55.0     37.1  47.66  61.74 0.0925 0.1256  0.7765     inf  2.601  13.42
BigApple   26.5   60.0     18.1  48.41  62.50 0.0951 0.1277  0.6770   2.588  2.600  13.50
BigApple   26.5   65.0     10.9  49.36  63.54 0.0983 0.1305  0.5829   2.521  2.599  13.58
BigApple   26.5   70.0     15.5  50.62  65.07 0.1025 0.1345  0.4957   2.362  2.598  13.67
BigApple   26.5   75.0     31.8  52.34  67.55 0.1081 0.1410  0.4268   2.120  2.598  13.76
BigApple   26.5   80.0     59.8  54.85  72.24 0.1162 0.1527  0.3675   1.803  2.600  13.88
BigApple   26.5   85.0     99.6  58.84  84.43 0.1290 0.1812  0.3204   1.517  2.629  14.04
BigApple   28.0   45.0     90.2  47.70  61.58 0.0928 0.1252  0.8162     inf  2.600  13.22
BigApple   28.0   50.0     51.8  48.23  62.07 0.0946 0.1265  0.7387   2.598  2.599  13.30
BigApple   28.0   55.0     23.4  48.86  62.67 0.0968 0.1281  0.6686   2.582  2.598  13.39
BigApple   28.0   60.0      4.9  49.62  63.43 0.0993 0.1302  0.5976   2.533  2.597  13.47
BigApple   28.0   65.0     -3.5  50.55  64.44 0.1025 0.1329  0.5342   2.443  2.596  13.53
BigApple   28.0   70.0     -1.9  51.71  65.81 0.1063 0.1365  0.4716   2.284  2.595  13.61
BigApple   28.0   75.0      9.6  53.22  67.82 0.1113 0.1417  0.4163   2.057  2.594  13.70
BigApple   28.0   80.0     31.2  55.23  71.01 0.1177 0.1498  0.3675   1.778  2.594  13.80
BigApple   28.0   85.0     62.7  58.07  76.87 0.1267 0.1640  0.3285   1.524  2.599  13.92
BigApple   29.5   45.0     71.9  48.86  62.46 0.0969 0.1276  0.7028   2.590  2.596  13.19
BigApple   29.5   50.0     36.5  49.42  62.97 0.0988 0.1290  0.6440   2.567  2.595  13.27
BigApple   29.5   55.0      9.8  50.07  63.60 0.1010 0.1306  0.5902   2.522  2.594  13.36
BigApple   29.5   60.0     -8.2  50.83  64.37 0.1036 0.1327  0.5409   2.451  2.593  13.43
BigApple   29.5   65.0    -17.6  51.75  65.34 0.1066 0.1353  0.4896   2.332  2.592  13.51
BigApple   29.5   70.0    -18.2  52.85  66.62 0.1103 0.1387  0.4431   2.170  2.591  13.59
BigApple   29.5   75.0    -10.2  54.22  68.36 0.1148 0.1432  0.4010   1.964  2.590  13.67
BigApple   29.5   80.0      6.5  55.95  70.87 0.1203 0.1496  0.3630   1.729  2.590  13.76
BigApple   29.5   85.0     32.0  58.23  74.80 0.1275 0.1592  0.3285   1.491  2.591  13.87
BigApple   29.5   90.0     66.1  61.36  81.85 0.1370 0.1756  0.3048   1.345  2.599  14.00
BigApple   31.0   45.0     54.9  50.03  63.34 0.1010 0.1300  0.6204   2.547  2.593  13.16
BigApple   31.0   50.0     21.7  50.61  63.88 0.1030 0.1314  0.5757   2.501  2.592  13.25
BigApple   31.0   55.0     -3.7  51.28  64.53 0.1052 0.1331  0.5342   2.434  2.591  13.33
BigApple   31.0   60.0    -21.4  52.05  65.30 0.1078 0.1352  0.4896   2.327  2.590  13.41
BigApple   31.0   65.0    -31.4  52.94  66.26 0.1108 0.1377  0.4543   2.207  2.589  13.49
BigApple   31.0   70.0    -33.8  54.01  67.47 0.1143 0.1409  0.4163   2.036  2.588  13.57
BigApple   31.0   75.0    -28.5  55.28  69.03 0.1185 0.1450  0.3815   1.834  2.587  13.65
BigApple   31.0   80.0    -15.4  56.84  71.16 0.1234 0.1504  0.3497   1.616  2.586  13.73
BigApple   31.0   85.0      5.3  58.80  74.19 0.1295 0.1579  0.3245   1.436  2.587  13.83
BigApple   31.0   90.0     33.7  61.32  78.89 0.1372 0.1691  0.3011   1.278  2.589  13.94
BigApple   31.0   95.0     69.8  64.70  87.12 0.1472 0.1873  0.2829   1.182  2.600  14.07
BigApple   32.5   40.0     76.7  50.68  63.75 0.1033 0.1311  0.5902   2.515  2.590  13.06
BigApple   32.5   45.0     38.6  51.21  64.23 0.1052 0.1324  0.5546   2.466  2.589  13.14
BigApple   32.5   50.0      7.3  51.81  64.80 0.1072 0.1339  0.5210   2.402  2.588  13.22
BigApple   32.5   55.0    -17.1  52.49  65.46 0.1095 0.1356  0.4835   2.303  2.587  13.32
BigApple   32.5   60.0    -34.6  53.26  66.24 0.1121 0.1377  0.4487   2.178  2.587  13.40
BigApple   32.5   65.0    -45.2  54.15  67.18 0.1150 0.1402  0.4215   2.053  2.586  13.48
BigApple   32.5   70.0    -48.9  55.18  68.33 0.1184 0.1432  0.3912   1.882  2.585  13.55
BigApple   32.5   75.0    -45.7  56.39  69.79 0.1223 0.1470  0.3630   1.694  2.584  13.63
BigApple   32.5   80.0    -35.6  57.83  71.66 0.1268 0.1517  0.3368   1.501  2.583  13.71
BigApple   32.5   85.0    -18.6  59.58  74.19 0.1323 0.1580  0.3165   1.351  2.583  13.80
BigApple   32.5   90.0      5.3  61.74  77.77 0.1388 0.1666  0.2973   1.221  2.584  13.89
BigApple   32.5   95.0     36.1  64.48  83.24 0.1469 0.1791  0.2794   1.117  2.588  14.01
BigApple   32.5  100.0     73.7  68.08  92.63 0.1572 0.1988  0.2658   1.065  2.601  14.14
BigApple   34.0   40.0     58.9  51.84  64.63 0.1075 0.1334  0.5276   2.413  2.587  13.03
BigApple   34.0   45.0     22.9  52.40  65.13 0.1093 0.1348  0.5019   2.351  2.586  13.12
BigApple   34.0   50.0     -6.9  53.01  65.72 0.1114 0.1364  0.4716   2.259  2.585  13.20
BigApple   34.0   55.0    -30.4  53.70  66.39 0.1137 0.1381  0.4431   2.148  2.584  13.31
BigApple   34.0   60.0    -47.7  54.47  67.17 0.1163 0.1402  0.4163   2.018  2.583  13.39
BigApple   34.0   65.0    -58.8  55.35  68.10 0.1192 0.1426  0.3912   1.871  2.582  13.46
BigApple   34.0   70.0    -63.6  56.36  69.22 0.1225 0.1455  0.3675   1.712  2.581  13.54
BigApple   34.0   75.0    -62.1  57.52  70.58 0.1262 0.1491  0.3453   1.547  2.581  13.61
BigApple   34.0   80.0    -54.4  58.87  72.29 0.1304 0.1534  0.3245   1.385  2.580  13.69
BigApple   34.0   85.0    -40.5  60.47  74.50 0.1353 0.1589  0.3048   1.238  2.579  13.77
BigApple   34.0   90.0    -20.3  62.39  77.45 0.1411 0.1660  0.2900   1.140  2.580  13.86
BigApple   34.0   95.0      6.2  64.75  81.59 0.1480 0.1755  0.2725   1.037  2.582  13.96
BigApple   34.0  100.0     38.9  67.70  87.84 0.1564 0.1892  0.2625   1.004  2.587  14.07
BigApple   34.0  105.0     77.8  71.49  98.36 0.1669 0.2102  0.2497   0.963  2.602  14.20
BigApple   35.5   40.0     41.9  53.02  65.51 0.1116 0.1358  0.4835   2.294  2.584  13.01
BigApple   35.5   45.0      7.6  53.59  66.04 0.1135 0.1372  0.4600   2.211  2.583  13.10
BigApple   35.5   50.0    -20.9  54.22  66.64 0.1156 0.1388  0.4322   2.091  2.582  13.17
BigApple   35.5   55.0    -43.8  54.91  67.32 0.1180 0.1406  0.4112   1.982  2.581  13.30
BigApple   35.5   60.0    -60.9  55.69  68.11 0.1205 0.1427  0.3863   1.830  2.580  13.38
BigApple   35.5   65.0    -72.3  56.56  69.03 0.1234 0.1451  0.3675   1.699  2.579  13.45
BigApple   35.5   70.0    -78.0  57.54  70.11 0.1265 0.1479  0.3453   1.530  2.578  13.52
BigApple   35.5   75.0    -78.0  58.66  71.41 0.1301 0.1512  0.3285   1.397  2.578  13.59
BigApple   35.5   80.0    -72.3  59.95  73.00 0.1341 0.1552  0.3087   1.238  2.577  13.67
BigApple   35.5   85.0    -60.8  61.44  74.98 0.1386 0.1601  0.2937   1.129  2.576  13.75
BigApple   35.5   90.0    -43.7  63.20  77.52 0.1438 0.1663  0.2794   1.037  2.576  13.83
BigApple   35.5   95.0    -20.8  65.29  80.90 0.1499 0.1741  0.2658   0.964  2.577  13.92
BigApple   35.5  100.0      7.7  67.82  85.62 0.1571 0.1846  0.2560   0.930  2.580  14.02
BigApple   35.5  105.0     42.0  70.95  92.65 0.1656 0.1993  0.2436   0.888  2.587  14.13
BigApple   35.5  110.0     82.0  74.93 104.27 0.1763 0.2212  0.2376   0.894  2.604  14.26
BigApple   37.0   40.0     25.5  54.19  66.40 0.1158 0.1382  0.4431   2.136  2.580  13.00
BigApple   37.0   45.0     -7.3  54.78  66.95 0.1177 0.1397  0.4215   2.031  2.580  13.08
BigApple   37.0   50.0    -34.8  55.42  67.56 0.1199 0.1413  0.4010   1.914  2.579  13.15
BigApple   37.0   55.0    -57.0  56.12  68.25 0.1222 0.1431  0.3815   1.788  2.578  13.22
BigApple   37.0   60.0    -74.0  56.90  69.05 0.1247 0.1452  0.3630   1.653  2.577  13.37
BigApple   37.0   65.0    -85.8  57.77  69.96 0.1275 0.1475  0.3453   1.515  2.576  13.44
BigApple   37.0   70.0    -92.2  58.73  71.02 0.1306 0.1503  0.3245   1.343  2.576  13.51
BigApple   37.0   75.0    -93.4  59.82  72.26 0.1340 0.1534  0.3087   1.214  2.575  13.58
BigApple   37.0   80.0    -89.4  61.06  73.76 0.1378 0.1572  0.2937   1.098  2.574  13.65
BigApple   37.0   85.0    -80.1  62.47  75.58 0.1421 0.1617  0.2794   0.998  2.573  13.73
BigApple   37.0   90.0    -65.5  64.10  77.84 0.1469 0.1671  0.2691   0.941  2.573  13.81
BigApple   37.0   95.0    -45.6  66.00  80.73 0.1523 0.1739  0.2560   0.875  2.573  13.85
BigApple   37.0  100.0    -20.5  68.25  84.55 0.1586 0.1825  0.2466   0.845  2.575  13.98
BigApple   37.0  105.0      9.8  70.95  89.84 0.1660 0.1937  0.2376   0.824  2.578  14.08
BigApple   37.0  110.0     45.4  74.25  97.65 0.1747 0.2092  0.2317   0.826  2.587  14.20
BigApple   37.0  115.0     86.3  78.38 110.35 0.1853 0.2318  0.2232   0.817  2.606  14.32
BigApple   38.5   40.0      9.6  55.38  67.30 0.1199 0.1406  0.4061   1.937  2.577  12.98
BigApple   38.5   45.0    -21.9  55.97  67.86 0.1219 0.1421  0.3912   1.844  2.577  13.06
BigApple   38.5   50.0    -48.6  56.62  68.49 0.1240 0.1437  0.3721   1.711  2.576  13.13
BigApple   38.5   55.0    -70.3  57.34  69.19 0.1264 0.1456  0.3540   1.571  2.575  13.20
BigApple   38.5   60.0    -87.2  58.12  69.98 0.1289 0.1476  0.3368   1.430  2.574  13.35
BigApple   38.5   65.0    -99.2  58.98  70.88 0.1316 0.1500  0.3204   1.290  2.574  13.43
BigApple   38.5   70.0   -106.3  59.93  71.92 0.1346 0.1526  0.3048   1.159  2.573  13.49
BigApple   38.5   75.0   -108.6  60.99  73.13 0.1379 0.1557  0.2900   1.040  2.572  13.56
BigApple   38.5   80.0   -105.9  62.18  74.55 0.1416 0.1592  0.2794   0.966  2.571  13.63
BigApple   38.5   85.0    -98.4  63.53  76.25 0.1456 0.1634  0.2658   0.880  2.571  13.71
BigApple   38.5   90.0    -86.0  65.06  78.31 0.1500 0.1683  0.2560   0.832  2.570  13.78
BigApple   38.5   95.0    -68.8  66.82  80.86 0.1551 0.1743  0.2466   0.796  2.570  13.86
BigApple   38.5  100.0    -46.6  68.86  84.11 0.1607 0.1816  0.2376   0.770  2.571  13.95
BigApple   38.5  105.0    -19.6  71.26  88.38 0.1672 0.1909  0.2289   0.751  2.573  14.00
BigApple   38.5  110.0     12.3  74.12  94.25 0.1747 0.2028  0.2232   0.753  2.577  14.09
BigApple   38.5  115.0     49.1  77.58 102.84 0.1834 0.2189  0.2177   0.759  2.587  14.26
BigApple   38.5  120.0     90.7  81.85 116.56 0.1940 0.2420  0.2124   0.766  2.608  14.38
BigApple   40.0   40.0     -6.0  56.56  68.20 0.1240 0.1430  0.3768   1.736  2.575  12.99
BigApple   40.0   45.0    -36.4  57.17  68.78 0.1261 0.1445  0.3630   1.631  2.574  13.04
BigApple   40.0   50.0    -62.3  57.83  69.41 0.1282 0.1462  0.3453   1.487  2.573  13.11
BigApple   40.0   55.0    -83.6  58.55  70.12 0.1305 0.1480  0.3285   1.342  2.572  13.17
BigApple   40.0   60.0   -100.3  59.33  70.92 0.1330 0.1501  0.3165   1.238  2.572  13.34
BigApple   40.0   65.0   -112.6  60.19  71.81 0.1357 0.1524  0.3011   1.105  2.571  13.41
BigApple   40.0   70.0   -120.3  61.13  72.84 0.1387 0.1550  0.2864   0.986  2.570  13.48
BigApple   40.0   75.0   -123.4  62.17  74.01 0.1418 0.1579  0.2725   0.884  2.569  13.55
BigApple   40.0   80.0   -122.0  63.33  75.37 0.1453 0.1613  0.2625   0.823  2.569  13.62
BigApple   40.0   85.0   -116.0  64.62  76.97 0.1491 0.1652  0.2497   0.754  2.568  13.69
BigApple   40.0   90.0   -105.6  66.08  78.87 0.1533 0.1698  0.2406   0.719  2.567  13.76
BigApple   40.0   95.0    -90.5  67.72  81.18 0.1580 0.1752  0.2346   0.709  2.567  13.84
BigApple   40.0  100.0    -70.9  69.61  84.03 0.1632 0.1816  0.2260   0.689  2.568  13.92
BigApple   40.0  105.0    -46.8  71.79  87.64 0.1690 0.1895  0.2205   0.689  2.569  14.00
BigApple   40.0  110.0    -18.1  74.33  92.37 0.1756 0.1993  0.2150   0.691  2.572  14.10
BigApple   40.0  115.0     15.1  77.33  98.83 0.1831 0.2118  0.2097   0.695  2.577  14.16
BigApple   40.0  120.0     52.8  80.93 108.18 0.1919 0.2284  0.2071   0.714  2.587  14.27
BigApple   40.0  125.0     95.1  85.34 122.90 0.2024 0.2517  0.2020   0.721  2.609  14.38
BigApple   41.5   45.0    -50.7  58.37  69.69 0.1302 0.1469  0.3326   1.364  2.571  13.02
BigApple   41.5   50.0    -75.9  59.04  70.34 0.1324 0.1486  0.3204   1.255  2.570  13.08
BigApple   41.5   55.0    -96.8  59.76  71.06 0.1347 0.1505  0.3048   1.114  2.570  13.15
BigApple   41.5   60.0   -113.5  60.54  71.85 0.1371 0.1525  0.2900   0.985  2.569  13.22
BigApple   41.5   65.0   -125.9  61.40  72.75 0.1398 0.1548  0.2759   0.874  2.568  13.40
BigApple   41.5   70.0   -134.1  62.33  73.75 0.1426 0.1573  0.2658   0.805  2.567  13.47
BigApple   41.5   75.0   -138.0  63.35  74.90 0.1457 0.1602  0.2529   0.725  2.567  13.53
BigApple   41.5   80.0   -137.7  64.48  76.21 0.1491 0.1634  0.2436   0.682  2.566  13.60
BigApple   41.5   85.0   -133.1  65.73  77.73 0.1527 0.1671  0.2346   0.650  2.565  13.67
BigApple   41.5   90.0   -124.3  67.12  79.52 0.1567 0.1714  0.2260   0.626  2.565  13.74
BigApple   41.5   95.0   -111.2  68.68  81.63 0.1610 0.1763  0.2205   0.622  2.565  13.81
BigApple   41.5  100.0    -93.8  70.45  84.20 0.1658 0.1821  0.2150   0.621  2.565  13.89
BigApple   41.5  105.0    -72.2  72.45  87.35 0.1711 0.1890  0.2097   0.623  2.565  13.97
BigApple   41.5  110.0    -46.4  74.76  91.34 0.1771 0.1974  0.2071   0.637  2.567  14.06
BigApple   41.5  115.0    -16.2  77.43  96.53 0.1837 0.2076  0.2020   0.642  2.570  14.15
BigApple   41.5  120.0     18.1  80.57 103.57 0.1913 0.2206  0.1995   0.658  2.577  14.25
BigApple   41.5  125.0     56.7  84.31 113.66 0.2001 0.2376  0.1971   0.675  2.588  14.33
BigApple   41.5  130.0     99.6  88.83 129.35 0.2104 0.2610  0.1922   0.681  2.611  14.45
BigApple   43.0   45.0    -64.8  59.57  70.61 0.1343 0.1494  0.3048   1.095  2.568  13.05
BigApple   43.0   50.0    -89.4  60.25  71.27 0.1365 0.1510  0.2937   0.995  2.568  13.13
BigApple   43.0   55.0   -110.0  60.97  71.99 0.1387 0.1529  0.2794   0.871  2.567  13.13
BigApple   43.0   60.0   -126.7  61.76  72.79 0.1412 0.1549  0.2658   0.766  2.566  13.19
BigApple   43.0   65.0   -139.3  62.61  73.68 0.1438 0.1572  0.2529   0.683  2.565  13.39
BigApple   43.0   70.0   -147.9  63.53  74.67 0.1466 0.1597  0.2406   0.616  2.565  13.45
BigApple   43.0   75.0   -152.5  64.54  75.79 0.1496 0.1625  0.2317   0.582  2.564  13.52
BigApple   43.0   80.0   -153.1  65.64  77.06 0.1528 0.1656  0.2232   0.557  2.563  13.58
BigApple   43.0   85.0   -149.7  66.85  78.52 0.1563 0.1691  0.2177   0.552  2.563  13.65
BigApple   43.0   90.0   -142.3  68.20  80.21 0.1601 0.1731  0.2124   0.550  2.562  13.72
BigApple   43.0   95.0   -130.9  69.69  82.18 0.1642 0.1777  0.2071   0.551  2.562  13.79
BigApple   43.0  100.0   -115.5  71.35  84.52 0.1686 0.1830  0.2020   0.553  2.562  13.86
BigApple   43.0  105.0    -96.2  73.23  87.34 0.1736 0.1891  0.1995   0.567  2.562  13.94
BigApple   43.0  110.0    -72.8  75.35  90.81 0.1790 0.1964  0.1971   0.581  2.564  14.02
BigApple   43.0  115.0    -45.4  77.78  95.17 0.1850 0.2052  0.1922   0.586  2.566  14.11
BigApple   43.0  120.0    -14.0  80.58 100.83 0.1917 0.2159  0.1898   0.601  2.570  14.20
BigApple   43.0  125.0     21.4  83.84 108.45 0.1993 0.2292  0.1875   0.615  2.576  14.30
BigApple   43.0  130.0     60.8  87.71 119.28 0.2080 0.2465  0.1875   0.641  2.589  14.41
FSUGarnet  25.0   55.0     55.3  44.37  58.79 0.0826 0.1158  0.8368   2.083  2.087  13.19
FSUGarnet  25.0   60.0     25.2  45.12  59.74 0.0851 0.1185  0.7480   2.063  2.087  13.29
FSUGarnet  25.0   65.0     10.8  46.12  61.12 0.0885 0.1223  0.6440   2.009  2.088  13.39
FSUGarnet  25.0   70.0     12.0  47.51  63.29 0.0931 0.1282  0.5409   1.897  2.091  13.49
FSUGarnet  25.0   75.0     28.9  49.55  67.25 0.0998 0.1386  0.4487   1.722  2.100  13.62
FSUGarnet  25.0   80.0     61.4  52.87  76.71 0.1109 0.1626  0.3675   1.507  2.150  13.82
FSUGarnet  26.5   55.0     49.0  45.78  60.17 0.0875 0.1197  0.7205   2.047  2.084  13.15
FSUGarnet  26.5   60.0     20.1  46.55  61.14 0.0901 0.1224  0.6521   2.008  2.084  13.25
FSUGarnet  26.5   65.0      3.7  47.52  62.45 0.0933 0.1260  0.5829   1.943  2.084  13.35
FSUGarnet  26.5   70.0      0.1  48.76  64.31 0.0975 0.1310  0.5146   1.844  2.086  13.42
FSUGarnet  26.5   75.0      9.1  50.42  67.16 0.1029 0.1385  0.4487   1.704  2.091  13.54
FSUGarnet  26.5   80.0     30.9  52.75  72.08 0.1105 0.1511  0.3863   1.529  2.104  13.68
FSUGarnet  26.5   85.0     65.3  56.28  82.64 0.1221 0.1767  0.3326   1.363  2.159  13.87
FSUGarnet  28.0   55.0     43.1  47.21  61.56 0.0925 0.1236  0.6361   1.989  2.080  13.12
FSUGarnet  28.0   60.0     14.9  47.99  62.54 0.0951 0.1263  0.5902   1.944  2.080  13.22
FSUGarnet  28.0   65.0     -2.7  48.93  63.81 0.0982 0.1297  0.5342   1.867  2.081  13.29
FSUGarnet  28.0   70.0     -9.6  50.08  65.49 0.1021 0.1342  0.4835   1.771  2.082  13.39
FSUGarnet  28.0   75.0     -5.9  51.54  67.83 0.1068 0.1404  0.4322   1.644  2.085  13.50
FSUGarnet  28.0   80.0      8.5  53.44  71.34 0.1130 0.1494  0.3863   1.504  2.092  13.62
FSUGarnet  28.0   85.0     33.5  56.01  77.13 0.1212 0.1636  0.3453   1.369  2.108  13.77
FSUGarnet  28.0   90.0     69.1  59.69  88.57 0.1330 0.1901  0.3087   1.254  2.165  13.84
FSUGarnet  29.5   50.0     74.3  47.96  62.13 0.0952 0.1252  0.6127   1.962  2.077  12.99
FSUGarnet  29.5   55.0     37.4  48.63  62.95 0.0975 0.1274  0.5757   1.920  2.077  13.09
FSUGarnet  29.5   60.0      9.7  49.42  63.95 0.1001 0.1301  0.5342   1.859  2.077  13.18
FSUGarnet  29.5   65.0     -8.8  50.34  65.18 0.1032 0.1335  0.4896   1.773  2.078  13.27
FSUGarnet  29.5   70.0    -18.1  51.44  66.75 0.1068 0.1377  0.4543   1.690  2.079  13.37
FSUGarnet  29.5   75.0    -18.2  52.78  68.81 0.1111 0.1431  0.4112   1.564  2.081  13.47
FSUGarnet  29.5   80.0     -9.2  54.44  71.64 0.1164 0.1503  0.3768   1.450  2.085  13.57
FSUGarnet  29.5   85.0      9.0  56.54  75.77 0.1231 0.1605  0.3410   1.320  2.093  13.70
FSUGarnet  29.5   90.0     36.4  59.31  82.36 0.1317 0.1759  0.3125   1.223  2.113  13.75
FSUGarnet  29.5   95.0     73.0  63.10  94.51 0.1436 0.2026  0.2864   1.148  2.169  14.04
FSUGarnet  31.0   50.0     67.2  49.37  63.50 0.1001 0.1290  0.5546   1.884  2.073  12.96
FSUGarnet  31.0   55.0     31.8  50.06  64.34 0.1025 0.1313  0.5210   1.828  2.073  13.05
FSUGarnet  31.0   60.0      4.6  50.85  65.35 0.1051 0.1340  0.4896   1.764  2.074  13.14
FSUGarnet  31.0   65.0    -14.6  51.76  66.56 0.1081 0.1373  0.4543   1.678  2.074  13.25
FSUGarnet  31.0   70.0    -25.8  52.82  68.05 0.1116 0.1412  0.4215   1.582  2.075  13.34
FSUGarnet  31.0   75.0    -28.8  54.08  69.93 0.1156 0.1461  0.3912   1.480  2.077  13.44
FSUGarnet  31.0   80.0    -23.8  55.58  72.38 0.1204 0.1523  0.3585   1.358  2.080  13.54
FSUGarnet  31.0   85.0    -10.7  57.41  75.68 0.1261 0.1605  0.3326   1.259  2.085  13.65
FSUGarnet  31.0   90.0     10.4  59.70  80.40 0.1331 0.1716  0.3087   1.172  2.096  13.78
FSUGarnet  31.0   95.0     39.6  62.63  87.70 0.1420 0.1879  0.2864   1.100  2.117  13.93
FSUGarnet  31.0  100.0     76.9  66.52 100.46 0.1539 0.2145  0.2691   1.064  2.171  14.11
FSUGarnet  32.5   50.0     60.5  50.78  64.87 0.1051 0.1328  0.5019   1.782  2.070  12.93
FSUGarnet  32.5   55.0     26.3  51.49  65.74 0.1075 0.1351  0.4775   1.727  2.070  13.02
FSUGarnet  32.5   60.0     -0.6  52.28  66.75 0.1101 0.1378  0.4487   1.651  2.071  13.13
FSUGarnet  32.5   65.0    -20.4  53.18  67.94 0.1131 0.1410  0.4215   1.568  2.071  13.23
FSUGarnet  32.5   70.0    -32.9  54.22  69.38 0.1164 0.1448  0.3961   1.481  2.072  13.32
FSUGarnet  32.5   75.0    -38.3  55.41  71.13 0.1202 0.1493  0.3675   1.372  2.073  13.41
FSUGarnet  32.5   80.0    -36.4  56.81  73.33 0.1246 0.1548  0.3453   1.284  2.076  13.51
FSUGarnet  32.5   85.0    -27.4  58.46  76.15 0.1297 0.1618  0.3204   1.182  2.080  13.61
FSUGarnet  32.5   90.0    -11.1  60.45  79.92 0.1358 0.1707  0.3011   1.110  2.087  13.73
FSUGarnet  32.5   95.0     12.3  62.89  85.20 0.1430 0.1826  0.2829   1.050  2.098  13.86
FSUGarnet  32.5  100.0     43.0  65.96  93.14 0.1521 0.1994  0.2658   1.002  2.121  14.00
FSUGarnet  32.5  105.0     80.8  69.93 106.41 0.1638 0.2255  0.2529   0.984  2.173  14.18
FSUGarnet  34.0   50.0     54.1  52.20  66.25 0.1101 0.1366  0.4600   1.672  2.067  12.90
FSUGarnet  34.0   55.0     20.9  52.91  67.13 0.1125 0.1389  0.4376   1.607  2.067  12.99
FSUGarnet  34.0   60.0     -5.8  53.71  68.15 0.1151 0.1416  0.4163   1.538  2.068  13.11
FSUGarnet  34.0   65.0    -26.0  54.61  69.33 0.1180 0.1447  0.3912   1.447  2.068  13.21
FSUGarnet  34.0   70.0    -39.7  55.62  70.73 0.1212 0.1484  0.3675   1.353  2.069  13.30
FSUGarnet  34.0   75.0    -46.8  56.77  72.39 0.1248 0.1526  0.3453   1.260  2.070  13.39
FSUGarnet  34.0   80.0    -47.5  58.09  74.41 0.1289 0.1577  0.3245   1.170  2.072  13.48
FSUGarnet  34.0   85.0    -41.7  59.61  76.92 0.1336 0.1638  0.3087   1.107  2.075  13.58
FSUGarnet  34.0   90.0    -29.4  61.41  80.11 0.1390 0.1713  0.2900   1.033  2.080  13.68
FSUGarnet  34.0   95.0    -10.6  63.54  84.33 0.1453 0.1809  0.2759   0.989  2.088  13.80
FSUGarnet  34.0  100.0     14.6  66.13  90.14 0.1527 0.1934  0.2625   0.954  2.101  13.93
FSUGarnet  34.0  105.0     46.4  69.31  98.66 0.1618 0.2105  0.2497   0.928  2.125  14.08
FSUGarnet  34.0  110.0     84.7  73.35 112.37 0.1733 0.2359  0.2406   0.927  2.174  14.25
FSUGarnet  35.5   50.0     47.9  53.62  67.63 0.1150 0.1403  0.4268   1.562  2.064  12.87
FSUGarnet  35.5   55.0     15.5  54.34  68.53 0.1174 0.1427  0.4061   1.489  2.064  12.96
FSUGarnet  35.5   60.0    -10.9  55.14  69.55 0.1200 0.1454  0.3815   1.393  2.065  13.05
FSUGarnet  35.5   65.0    -31.5  56.03  70.72 0.1229 0.1485  0.3630   1.316  2.065  13.19
FSUGarnet  35.5   70.0    -46.1  57.03  72.08 0.1260 0.1520  0.3453   1.240  2.066  13.28
FSUGarnet  35.5   75.0    -54.8  58.14  73.67 0.1295 0.1560  0.3245   1.145  2.067  13.37
FSUGarnet  35.5   80.0    -57.6  59.40  75.57 0.1334 0.1607  0.3087   1.076  2.069  13.46
FSUGarnet  35.5   85.0    -54.5  60.84  77.86 0.1377 0.1662  0.2937   1.014  2.071  13.55
FSUGarnet  35.5   90.0    -45.4  62.49  80.67 0.1426 0.1728  0.2794   0.960  2.075  13.60
FSUGarnet  35.5   95.0    -30.5  64.41  84.24 0.1482 0.1809  0.2658   0.916  2.081  13.75
FSUGarnet  35.5  100.0     -9.6  66.68  88.88 0.1546 0.1909  0.2529   0.880  2.090  13.87
FSUGarnet  35.5  105.0     17.2  69.38  95.18 0.1622 0.2038  0.2436   0.867  2.104  14.00
FSUGarnet  35.5  110.0     50.0  72.67 104.23 0.1712 0.2210  0.2346   0.860  2.128  14.15
FSUGarnet  37.0   50.0     41.9  55.04  69.02 0.1200 0.1441  0.3912   1.419  2.061  12.85
FSUGarnet  37.0   55.0     10.2  55.77  69.93 0.1224 0.1465  0.3721   1.339  2.062  12.94
FSUGarnet  37.0   60.0    -16.1  56.58  70.96 0.1249 0.1491  0.3540   1.258  2.062  13.02
FSUGarnet  37.0   65.0    -36.9  57.46  72.12 0.1277 0.1521  0.3368   1.179  2.062  13.17
FSUGarnet  37.0   70.0    -52.4  58.44  73.45 0.1308 0.1555  0.3204   1.102  2.063  13.26
FSUGarnet  37.0   75.0    -62.3  59.52  74.99 0.1341 0.1594  0.3048   1.030  2.064  13.35
FSUGarnet  37.0   80.0    -66.9  60.74  76.78 0.1378 0.1638  0.2900   0.964  2.066  13.44
FSUGarnet  37.0   85.0    -66.0  62.10  78.90 0.1419 0.1689  0.2759   0.906  2.068  13.52
FSUGarnet  37.0   90.0    -59.7  63.65  81.46 0.1464 0.1748  0.2658   0.874  2.071  13.62
FSUGarnet  37.0   95.0    -47.9  65.42  84.59 0.1514 0.1819  0.2529   0.831  2.075  13.68
FSUGarnet  37.0  100.0    -30.7  67.46  88.50 0.1572 0.1904  0.2436   0.813  2.082  13.77
FSUGarnet  37.0  105.0     -8.0  69.84  93.56 0.1637 0.2008  0.2346   0.799  2.091  13.94
FSUGarnet  37.0  110.0     20.0  72.66 100.33 0.1713 0.2139  0.2289   0.804  2.106  14.07
FSUGarnet  37.0  115.0     53.6  76.04 109.86 0.1803 0.2310  0.2232   0.812  2.130  14.21
FSUGarnet  38.5   50.0     36.1  56.46  70.41 0.1249 0.1478  0.3585   1.262  2.059  12.82
FSUGarnet  38.5   55.0      4.9  57.20  71.33 0.1273 0.1502  0.3453   1.200  2.059  12.91
FSUGarnet  38.5   60.0    -21.2  58.01  72.36 0.1298 0.1528  0.3285   1.118  2.059  13.00
FSUGarnet  38.5   65.0    -42.4  58.89  73.51 0.1325 0.1558  0.3125   1.039  2.060  13.08
FSUGarnet  38.5   70.0    -58.4  59.85  74.82 0.1355 0.1591  0.2973   0.965  2.060  13.24
FSUGarnet  38.5   75.0    -69.5  60.92  76.31 0.1387 0.1628  0.2829   0.898  2.061  13.33
FSUGarnet  38.5   80.0    -75.5  62.09  78.03 0.1422 0.1669  0.2725   0.857  2.063  13.41
FSUGarnet  38.5   85.0    -76.5  63.40  80.03 0.1461 0.1717  0.2592   0.804  2.065  13.50
FSUGarnet  38.5   90.0    -72.5  64.87  82.39 0.1503 0.1771  0.2497   0.776  2.067  13.59
FSUGarnet  38.5   95.0    -63.5  66.52  85.20 0.1550 0.1834  0.2406   0.754  2.071  13.68
FSUGarnet  38.5  100.0    -49.4  68.40  88.63 0.1601 0.1908  0.2346   0.752  2.076  13.78
FSUGarnet  38.5  105.0    -30.3  70.55  92.90 0.1660 0.1997  0.2260   0.738  2.083  13.85
FSUGarnet  38.5  110.0     -6.1  73.04  98.35 0.1726 0.2103  0.2205   0.742  2.093  13.96
FSUGarnet  38.5  115.0     23.0  75.96 105.55 0.1802 0.2235  0.2150   0.747  2.109  14.08
FSUGarnet  38.5  120.0     57.2  79.42 115.52 0.1890 0.2405  0.2097   0.755  2.132  14.21
FSUGarnet  40.0   55.0     -0.4  58.63  72.73 0.1321 0.1539  0.3165   1.035  2.056  12.89
FSUGarnet  40.0   60.0    -26.4  59.44  73.76 0.1346 0.1565  0.3011   0.955  2.057  12.97
FSUGarnet  40.0   65.0    -47.7  60.32  74.91 0.1373 0.1594  0.2864   0.880  2.057  13.05
FSUGarnet  40.0   70.0    -64.4  61.27  76.20 0.1402 0.1626  0.2759   0.834  2.058  13.22
FSUGarnet  40.0   75.0    -76.4  62.31  77.65 0.1433 0.1662  0.2625   0.774  2.059  13.31
FSUGarnet  40.0   80.0    -83.7  63.46  79.31 0.1467 0.1701  0.2529   0.739  2.060  13.39
FSUGarnet  40.0   85.0    -86.3  64.72  81.21 0.1503 0.1746  0.2436   0.711  2.062  13.47
FSUGarnet  40.0   90.0    -84.3  66.12  83.41 0.1543 0.1796  0.2346   0.688  2.064  13.56
FSUGarnet  40.0   95.0    -77.6  67.69  86.00 0.1586 0.1854  0.2289   0.684  2.067  13.65
FSUGarnet  40.0  100.0    -66.2  69.44  89.08 0.1634 0.1920  0.2232   0.683  2.071  13.74
FSUGarnet  40.0  105.0    -50.1  71.42  92.80 0.1687 0.1997  0.2177   0.684  2.077  13.84
FSUGarnet  40.0  110.0    -29.4  73.67  97.41 0.1745 0.2087  0.2124   0.687  2.084  13.93
FSUGarnet  40.0  115.0     -4.0  76.26 103.23 0.1812 0.2196  0.2071   0.692  2.095  14.03
FSUGarnet  40.0  120.0     26.1  79.26 110.85 0.1887 0.2328  0.2046   0.709  2.111  14.15
FSUGarnet  40.0  125.0     60.9  82.80 121.22 0.1974 0.2494  0.1995   0.716  2.134  14.28
FSUGarnet  41.5   55.0     -5.7  60.06  74.13 0.1369 0.1575  0.2864   0.849  2.054  12.86
FSUGarnet  41.5   60.0    -31.6  60.87  75.16 0.1394 0.1601  0.2759   0.797  2.054  12.94
FSUGarnet  41.5   65.0    -53.1  61.75  76.31 0.1420 0.1630  0.2625   0.731  2.055  13.02
FSUGarnet  41.5   70.0    -70.2  62.69  77.58 0.1448 0.1661  0.2529   0.691  2.055  13.10
FSUGarnet  41.5   75.0    -83.0  63.72  79.00 0.1478 0.1695  0.2436   0.662  2.056  13.29
FSUGarnet  41.5   80.0    -91.5  64.84  80.61 0.1511 0.1733  0.2346   0.635  2.058  13.37
FSUGarnet  41.5   85.0    -95.5  66.06  82.43 0.1546 0.1776  0.2260   0.614  2.059  13.45
FSUGarnet  41.5   90.0    -95.2  67.41  84.51 0.1583 0.1823  0.2205   0.610  2.061  13.53
FSUGarnet  41.5   95.0    -90.5  68.90  86.92 0.1624 0.1876  0.2150   0.609  2.064  13.62
FSUGarnet  41.5  100.0    -81.5  70.55  89.73 0.1668 0.1936  0.2097   0.610  2.067  13.71
FSUGarnet  41.5  105.0    -68.0  72.40  93.07 0.1717 0.2004  0.2046   0.613  2.072  13.80
FSUGarnet  41.5  110.0    -50.2  74.47  97.09 0.1770 0.2083  0.2020   0.627  2.078  13.90
FSUGarnet  41.5  115.0    -28.1  76.82 102.01 0.1829 0.2176  0.1995   0.643  2.086  14.01
FSUGarnet  41.5  120.0     -1.6  79.50 108.20 0.1895 0.2285  0.1946   0.648  2.097  14.10
FSUGarnet  41.5  125.0     29.3  82.58 116.20 0.1969 0.2416  0.1922   0.664  2.112  14.22
FSUGarnet  41.5  130.0     64.6  86.18 126.95 0.2054 0.2579  0.1898   0.680  2.135  14.34
FSUGarnet  43.0   55.0    -10.9  61.49  75.53 0.1416 0.1611  0.2592   0.677  2.051  12.87
FSUGarnet  43.0   60.0    -36.7  62.30  76.56 0.1441 0.1637  0.2466   0.617  2.052  12.96
FSUGarnet  43.0   65.0    -58.4  63.17  77.70 0.1467 0.1665  0.2376   0.581  2.052  12.99
FSUGarnet  43.0   70.0    -76.0  64.11  78.96 0.1494 0.1696  0.2289   0.552  2.053  13.07
FSUGarnet  43.0   75.0    -89.5  65.13  80.36 0.1523 0.1729  0.2205   0.536  2.054  13.26
FSUGarnet  43.0   80.0    -98.9  66.22  81.92 0.1554 0.1765  0.2150   0.532  2.055  13.34
FSUGarnet  43.0   85.0   -104.2  67.42  83.67 0.1588 0.1806  0.2097   0.531  2.056  13.43
FSUGarnet  43.0   90.0   -105.4  68.72  85.66 0.1624 0.1850  0.2046   0.531  2.058  13.51
FSUGarnet  43.0   95.0   -102.5  70.15  87.93 0.1662 0.1899  0.2020   0.544  2.061  13.59
FSUGarnet  43.0  100.0    -95.5  71.72  90.54 0.1703 0.1955  0.1971   0.547  2.063  13.68
FSUGarnet  43.0  105.0    -84.4  73.46  93.58 0.1748 0.2017  0.1946   0.561  2.067  13.77
FSUGarnet  43.0  110.0    -69.2  75.39  97.17 0.1797 0.2087  0.1922   0.575  2.072  13.86
FSUGarnet  43.0  115.0    -49.9  77.56 101.47 0.1851 0.2168  0.1898   0.589  2.078  13.96
FSUGarnet  43.0  120.0    -26.5  79.99 106.71 0.1909 0.2261  0.1875   0.604  2.087  14.06
FSUGarnet  43.0  125.0      1.0  82.75 113.24 0.1975 0.2370  0.1852   0.618  2.098  14.18
FSUGarnet  43.0  130.0     32.6  85.92 121.61 0.2048 0.2500  0.1829   0.633  2.114  14.29
GM1        25.0   35.0    -20.1  37.40  50.31 0.0568 0.0861     inf     inf  2.346  12.87
GM1        25.0   40.0    -49.2  38.02  50.87 0.0589 0.0878     inf     inf  2.345  12.94
GM1        25.0   45.0    -67.4  38.77  51.61 0.0615 0.0900     inf     inf  2.343  13.01
GM1        25.0   50.0    -74.7  39.71  52.62 0.0646 0.0930     inf     inf  2.341  13.09
GM1        25.0   55.0    -71.0  40.93  54.05 0.0687 0.0973     inf     inf  2.339  13.18
GM1        25.0   60.0    -56.5  42.55  56.26 0.0741 0.1039  1.5222     inf  2.337  13.28
GM1        25.0   65.0    -31.0  44.83  60.13 0.0816 0.1151  0.7573   2.311  2.336  13.42
GM1        25.0   70.0      5.4  48.26  68.67 0.0930 0.1384  0.4543   1.878  2.349  13.62
GM1        26.0   35.0    -30.8  38.18  50.88 0.0596 0.0879     inf     nan    nan    nan
GM1        26.0   40.0    -58.5  38.81  51.47 0.0618 0.0896     inf     nan    nan    nan
GM1        26.0   45.0    -76.4  39.57  52.21 0.0643 0.0919     inf     nan    nan    nan
GM1        26.0   50.0    -84.5  40.50  53.19 0.0675 0.0948     inf     nan    nan    nan
GM1        26.0   55.0    -82.6  41.66  54.53 0.0714 0.0988     inf     nan    nan    nan
GM1        26.0   60.0    -71.0  43.15  56.48 0.0764 0.1046  1.5802     nan    nan    nan
GM1        26.0   65.0    -49.5  45.15  59.56 0.0830 0.1136  0.8795     nan    nan    nan
GM1        26.0   70.0    -18.1  47.95  65.21 0.0922 0.1294  0.5146     nan    nan    nan
GM1        26.5   35.0    -36.1  38.57  51.17 0.0610 0.0887     inf     inf  2.342  12.83
GM1        26.5   40.0    -63.2  39.21  51.77 0.0632 0.0905     inf     inf  2.341  12.90
GM1        26.5   45.0    -80.9  39.97  52.51 0.0658 0.0928     inf     inf  2.339  12.98
GM1        26.5   50.0    -89.3  40.89  53.48 0.0689 0.0957     inf     inf  2.338  13.05
GM1        26.5   55.0    -88.3  42.03  54.78 0.0728 0.0996     inf     inf  2.336  13.14
GM1        26.5   60.0    -77.9  43.47  56.63 0.0776 0.1051  1.5802     inf  2.334  13.24
GM1        26.5   65.0    -58.1  45.36  59.45 0.0839 0.1133  0.9245     inf  2.332  13.35
GM1        26.5   70.0    -28.9  47.95  64.30 0.0924 0.1270  0.5477   2.081  2.333  13.46
GM1        26.5   75.0      9.7  51.69  74.57 0.1047 0.1539  0.3912   1.651  2.353  13.71
GM1        28.0   35.0    -51.4  39.75  52.04 0.0653 0.0914     inf     nan    nan    nan
GM1        28.0   40.0    -77.0  40.40  52.66 0.0675 0.0933     inf     nan    nan    nan
GM1        28.0   45.0    -94.5  41.17  53.41 0.0702 0.0955     inf     nan    nan    nan
GM1        28.0   50.0   -103.6  42.07  54.36 0.0733 0.0984     inf     nan    nan    nan
GM1        28.0   55.0   -104.6  43.16  55.57 0.0770 0.1020     inf     nan    nan    nan
GM1        28.0   60.0    -97.3  44.49  57.20 0.0815 0.1069  1.5222     nan    nan    nan
GM1        28.0   65.0    -81.8  46.15  59.49 0.0870 0.1136  1.0088     nan    nan    nan
GM1        28.0   70.0    -58.1  48.29  62.96 0.0940 0.1235  0.6361     nan    nan    nan
GM1        28.0   75.0    -26.2  51.15  68.80 0.1033 0.1394  0.4431     nan    nan    nan
GM1        28.0   80.0     14.0  55.16  80.76 0.1164 0.1693  0.3540     nan    nan    nan
GM1        29.5   35.0    -66.4  40.93  52.92 0.0696 0.0941     inf     inf  2.335  12.77
GM1        29.5   40.0    -90.8  41.60  53.55 0.0720 0.0960     inf     inf  2.334  12.84
GM1        29.5   45.0   -108.0  42.37  54.31 0.0747 0.0983     inf     inf  2.332  12.91
GM1        29.5   50.0   -117.8  43.26  55.24 0.0778 0.1011     inf     inf  2.331  12.99
GM1        29.5   55.0   -120.3  44.31  56.39 0.0814 0.1046     inf     inf  2.329  13.07
GM1        29.5   60.0   -115.5  45.55  57.88 0.0856 0.1090  1.4302     inf  2.327  13.16
GM1        29.5   65.0   -103.3  47.06  59.86 0.0906 0.1148  1.0215     inf  2.325  13.25
GM1        29.5   70.0    -83.8  48.93  62.62 0.0967 0.1228  0.6941   2.257  2.324  13.36
GM1        29.5   75.0    -57.1  51.30  66.75 0.1044 0.1343  0.4835   1.900  2.324  13.50
GM1        29.5   80.0    -22.9  54.41  73.60 0.1143 0.1521  0.3768   1.535  2.329  13.64
GM1        29.5   85.0     18.5  58.65  87.18 0.1278 0.1843  0.3204   1.333  2.366  13.84
GM1        30.0   30.0    -40.1  40.73  52.67 0.0690 0.0933     inf     nan    nan    nan
GM1        30.0   35.0    -71.3  41.33  53.22 0.0711 0.0950     inf     nan    nan    nan
GM1        30.0   40.0    -95.4  42.00  53.85 0.0735 0.0969     inf     nan    nan    nan
GM1        30.0   45.0   -112.5  42.77  54.61 0.0762 0.0992     inf     nan    nan    nan
GM1        30.0   50.0   -122.5  43.66  55.53 0.0793 0.1020     inf     nan    nan    nan
GM1        30.0   55.0   -125.4  44.69  56.67 0.0828 0.1054     inf     nan    nan    nan
GM1        30.0   60.0   -121.3  45.92  58.12 0.0870 0.1098  1.4125     nan    nan    nan
GM1        30.0   65.0   -110.1  47.39  60.02 0.0919 0.1154  1.0215     nan    nan    nan
GM1        30.0   70.0    -91.9  49.19  62.62 0.0978 0.1229  0.7028     nan    nan    nan
GM1        30.0   75.0    -66.5  51.44  66.40 0.1050 0.1334  0.4957     nan    nan    nan
GM1        30.0   80.0    -34.2  54.35  72.39 0.1142 0.1492  0.3863     nan    nan    nan
GM1        30.0   85.0      5.3  58.22  83.36 0.1265 0.1756  0.3245     nan    nan    nan
GM1        31.0   35.0    -81.0  42.12  53.80 0.0741 0.0968     inf     inf  2.331  12.74
GM1        31.0   40.0   -104.6  42.80  54.45 0.0765 0.0988     inf     inf  2.330  12.81
GM1        31.0   45.0   -121.5  43.57  55.21 0.0792 0.1011     inf     inf  2.329  12.88
GM1        31.0   50.0   -131.8  44.45  56.12 0.0823 0.1038     inf     inf  2.327  12.95
GM1        31.0   55.0   -135.6  45.47  57.23 0.0858 0.1072     inf     inf  2.326  13.03
GM1        31.0   60.0   -132.7  46.65  58.62 0.0898 0.1113  1.3271     inf  2.324  13.11
GM1        31.0   65.0   -123.2  48.06  60.39 0.0945 0.1165  0.9963     inf  2.322  13.20
GM1        31.0   70.0   -107.2  49.75  62.73 0.1000 0.1233  0.7205   2.270  2.320  13.30
GM1        31.0   75.0    -84.5  51.81  65.98 0.1066 0.1324  0.5146   1.971  2.319  13.42
GM1        31.0   80.0    -55.3  54.39  70.80 0.1148 0.1453  0.3961   1.583  2.320  13.56
GM1        31.0   85.0    -19.4  57.72  78.66 0.1251 0.1649  0.3326   1.331  2.328  13.72
GM1        31.0   90.0     23.0  62.16  93.80 0.1390 0.1988  0.2973   1.218  2.373  13.93
GM1        32.0   35.0    -90.7  42.91  54.39 0.0771 0.0986     inf     nan    nan    nan
GM1        32.0   40.0   -113.7  43.60  55.05 0.0795 0.1006     inf     nan    nan    nan
GM1        32.0   45.0   -130.5  44.37  55.81 0.0823 0.1029     inf     nan    nan    nan
GM1        32.0   50.0   -141.1  45.24  56.72 0.0853 0.1057     inf     nan    nan    nan
GM1        32.0   55.0   -145.5  46.24  57.80 0.0888 0.1089  1.6000     nan    nan    nan
GM1        32.0   60.0   -143.8  47.40  59.13 0.0927 0.1129  1.2626     nan    nan    nan
GM1        32.0   65.0   -135.8  48.75  60.80 0.0972 0.1178  0.9718     nan    nan    nan
GM1        32.0   70.0   -121.7  50.35  62.95 0.1024 0.1241  0.7205     nan    nan    nan
GM1        32.0   75.0   -101.4  52.26  65.82 0.1085 0.1322  0.5210     nan    nan    nan
GM1        32.0   80.0    -74.9  54.61  69.87 0.1159 0.1431  0.4061     nan    nan    nan
GM1        32.0   85.0    -42.2  57.54  75.99 0.1249 0.1587  0.3368     nan    nan    nan
GM1        32.0   90.0     -3.3  61.32  86.31 0.1365 0.1827  0.3011     nan    nan    nan
GM1        32.5   35.0    -95.5  43.30  54.69 0.0786 0.0995     inf     inf  2.328  12.71
GM1        32.5   40.0   -118.2  43.99  55.35 0.0811 0.1015     inf     inf  2.327  12.78
GM1        32.5   45.0   -135.0  44.77  56.11 0.0838 0.1038     inf     inf  2.325  12.87
GM1        32.5   50.0   -145.8  45.64  57.01 0.0868 0.1066     inf     inf  2.324  12.94
GM1        32.5   55.0   -150.5  46.64  58.09 0.0903 0.1098  1.5413     inf  2.322  13.01
GM1        32.5   60.0   -149.2  47.78  59.40 0.0941 0.1137  1.2315     inf  2.321  13.09
GM1        32.5   65.0   -142.0  49.10  61.02 0.0985 0.1185  0.9597     inf  2.319  13.17
GM1        32.5   70.0   -128.7  50.66  63.09 0.1036 0.1245  0.7116   2.260  2.317  13.27
GM1        32.5   75.0   -109.5  52.52  65.81 0.1096 0.1322  0.5276   1.993  2.316  13.37
GM1        32.5   80.0    -84.2  54.76  69.57 0.1166 0.1424  0.4061   1.600  2.316  13.49
GM1        32.5   85.0    -52.9  57.54  75.08 0.1252 0.1566  0.3410   1.331  2.318  13.64
GM1        32.5   90.0    -15.7  61.07  83.95 0.1358 0.1775  0.3011   1.177  2.329  13.81
GM1        32.5   93.9     17.6  64.55  95.78 0.1464 0.2029  0.2794     nan    nan    nan
GM1        34.0   35.0   -109.8  44.49  55.58 0.0832 0.1023     inf     nan    nan    nan
GM1        34.0   40.0   -131.9  45.19  56.24 0.0857 0.1043     inf     nan    nan    nan
GM1        34.0   45.0   -148.5  45.97  57.01 0.0884 0.1066     inf     nan    nan    nan
GM1        34.0   50.0   -159.6  46.83  57.90 0.0914 0.1093     inf     nan    nan    nan
GM1        34.0   55.0   -165.2  47.81  58.95 0.0948 0.1125  1.3777     nan    nan    nan
GM1        34.0   60.0   -165.3  48.92  60.20 0.0985 0.1162  1.1286     nan    nan    nan
GM1        34.0   65.0   -159.9  50.18  61.71 0.1027 0.1207  0.9017     nan    nan    nan
GM1        34.0   70.0   -149.0  51.64  63.59 0.1075 0.1261  0.6941     nan    nan    nan
GM1        34.0   75.0   -132.5  53.35  65.97 0.1129 0.1329  0.5210     nan    nan    nan
GM1        34.0   80.0   -110.6  55.36  69.09 0.1192 0.1414  0.4061     nan    nan    nan
GM1        34.0   85.0    -83.1  57.78  73.37 0.1266 0.1526  0.3410     nan    nan    nan
GM1        34.0   90.0    -50.2  60.74  79.59 0.1354 0.1678  0.3011     nan    nan    nan
GM1        34.0   95.0    -11.7  64.45  89.45 0.1463 0.1899  0.2759     nan    nan    nan
GM1        35.5   35.0   -124.0  45.69  56.46 0.0878 0.1050     inf     inf  2.321  12.66
GM1        35.5   40.0   -145.5  46.39  57.14 0.0903 0.1071     inf     inf  2.320  12.73
GM1        35.5   45.0   -162.0  47.17  57.91 0.0931 0.1094     inf     inf  2.319  12.80
GM1        35.5   50.0   -173.4  48.03  58.80 0.0960 0.1121  1.4663     inf  2.318  12.91
GM1        35.5   55.0   -179.7  48.99  59.82 0.0993 0.1152  1.2469     inf  2.316  12.99
GM1        35.5   60.0   -181.0  50.07  61.02 0.1030 0.1188  1.0343     inf  2.315  13.06
GM1        35.5   65.0   -177.1  51.28  62.45 0.1070 0.1230  0.8473   2.308  2.313  13.14
GM1        35.5   70.0   -168.2  52.67  64.18 0.1115 0.1280  0.6603   2.205  2.312  13.22
GM1        35.5   75.0   -154.1  54.26  66.32 0.1165 0.1340  0.5082   1.925  2.310  13.31
GM1        35.5   80.0   -135.0  56.10  69.02 0.1222 0.1415  0.3961   1.520  2.309  13.41
GM1        35.5   85.0   -110.8  58.27  72.55 0.1288 0.1508  0.3326   1.230  2.308  13.52
GM1        35.5   90.0    -81.5  60.86  77.36 0.1364 0.1629  0.2973   1.080  2.310  13.65
GM1        35.5   95.0    -47.1  63.99  84.29 0.1454 0.1790  0.2725   0.991  2.315  13.79
GM1        35.5  100.0     -7.6  67.86  95.13 0.1565 0.2019  0.2529   0.935  2.332  13.96
GM1        36.0   35.0   -128.7  46.08  56.76 0.0894 0.1059     inf     nan    nan    nan
GM1        36.0   40.0   -150.1  46.79  57.44 0.0919 0.1080     inf     nan    nan    nan
GM1        36.0   45.0   -166.5  47.57  58.21 0.0946 0.1103     inf     nan    nan    nan
GM1        36.0   50.0   -178.0  48.43  59.09 0.0976 0.1130  1.4125     nan    nan    nan
GM1        36.0   55.0   -184.5  49.38  60.11 0.1009 0.1161  1.2012     nan    nan    nan
GM1        36.0   60.0   -186.1  50.45  61.30 0.1044 0.1196  1.0088     nan    nan    nan
GM1        36.0   65.0   -182.7  51.65  62.71 0.1084 0.1238  0.8264     nan    nan    nan
GM1        36.0   70.0   -174.4  53.02  64.40 0.1128 0.1286  0.6521     nan    nan    nan
GM1        36.0   75.0   -161.0  54.58  66.47 0.1177 0.1345  0.5019     nan    nan    nan
GM1        36.0   80.0   -142.8  56.37  69.06 0.1233 0.1417  0.3912     nan    nan    nan
GM1        36.0   85.0   -119.5  58.48  72.41 0.1296 0.1506  0.3285     nan    nan    nan
GM1        36.0   90.0    -91.3  60.96  76.88 0.1369 0.1618  0.2937     nan    nan    nan
GM1        36.0   95.0    -58.2  63.94  83.18 0.1455 0.1767  0.2691     nan    nan    nan
GM1        36.0  100.0    -20.1  67.59  92.70 0.1558 0.1971  0.2529     nan    nan    nan
GM1        36.0  105.0     23.0  72.16 108.77 0.1687 0.2278  0.2406     nan    nan    nan
GM1        37.0   35.0   -138.0  46.88  57.35 0.0925 0.1078     inf     inf  2.318  12.64
GM1        37.0   40.0   -159.1  47.59  58.04 0.0950 0.1099     inf     inf  2.317  12.71
GM1        37.0   45.0   -175.5  48.37  58.81 0.0977 0.1122  1.5033     inf  2.316  12.78
GM1        37.0   50.0   -187.2  49.22  59.69 0.1007 0.1149  1.3107     inf  2.314  12.85
GM1        37.0   55.0   -194.1  50.17  60.69 0.1039 0.1179  1.1286     inf  2.313  12.97
GM1        37.0   60.0   -196.3  51.22  61.86 0.1074 0.1213  0.9479     inf  2.312  13.04
GM1        37.0   65.0   -193.8  52.40  63.22 0.1113 0.1253  0.7862   2.289  2.310  13.12
GM1        37.0   70.0   -186.5  53.73  64.84 0.1155 0.1300  0.6204   2.150  2.309  13.20
GM1        37.0   75.0   -174.6  55.23  66.80 0.1202 0.1356  0.4835   1.842  2.307  13.28
GM1        37.0   80.0   -157.9  56.94  69.21 0.1255 0.1422  0.3768   1.413  2.306  13.37
GM1        37.0   85.0   -136.4  58.93  72.24 0.1315 0.1503  0.3204   1.144  2.305  13.48
GM1        37.0   90.0   -110.3  61.24  76.19 0.1382 0.1604  0.2864   0.994  2.305  13.59
GM1        37.0   95.0    -79.4  63.98  81.53 0.1461 0.1732  0.2658   0.923  2.307  13.72
GM1        37.0  100.0    -43.8  67.26  89.17 0.1552 0.1900  0.2497   0.881  2.314  13.87
GM1        37.0  105.0     -3.5  71.29 100.98 0.1663 0.2135  0.2376   0.862  2.334  14.03
GM1        38.0   35.0   -147.4  47.67  57.95 0.0956 0.1096     inf     nan    nan    nan
GM1        38.0   40.0   -168.2  48.39  58.64 0.0981 0.1117  1.5802     nan    nan    nan
GM1        38.0   45.0   -184.5  49.17  59.41 0.1008 0.1141  1.3950     nan    nan    nan
GM1        38.0   50.0   -196.3  50.02  60.28 0.1038 0.1167  1.2162     nan    nan    nan
GM1        38.0   55.0   -203.6  50.96  61.28 0.1069 0.1197  1.0473     nan    nan    nan
GM1        38.0   60.0   -206.4  52.00  62.42 0.1104 0.1231  0.8906     nan    nan    nan
GM1        38.0   65.0   -204.7  53.15  63.75 0.1142 0.1270  0.7387     nan    nan    nan
GM1        38.0   70.0   -198.4  54.45  65.31 0.1183 0.1315  0.5902     nan    nan    nan
GM1        38.0   75.0   -187.7  55.90  67.17 0.1228 0.1367  0.4600     nan    nan    nan
GM1        38.0   80.0   -172.4  57.55  69.43 0.1279 0.1430  0.3585     nan    nan    nan
GM1        38.0   85.0   -152.6  59.43  72.22 0.1335 0.1504  0.3087     nan    nan    nan
GM1        38.0   90.0   -128.3  61.60  75.76 0.1398 0.1595  0.2759     nan    nan    nan
GM1        38.0   95.0    -99.5  64.14  80.41 0.1470 0.1708  0.2560     nan    nan    nan
GM1        38.0  100.0    -66.2  67.14  86.78 0.1553 0.1852  0.2436     nan    nan    nan
GM1        38.0  105.0    -28.3  70.75  96.04 0.1651 0.2043  0.2317     nan    nan    nan
GM1        38.0  110.0     14.0  75.16 110.72 0.1769 0.2312  0.2232     nan    nan    nan
GM1        38.5   40.0   -172.7  48.79  58.94 0.0997 0.1126  1.5222     inf  2.314  12.69
GM1        38.5   45.0   -189.0  49.57  59.71 0.1024 0.1150  1.3438     inf  2.313  12.75
GM1        38.5   50.0   -200.9  50.42  60.58 0.1053 0.1176  1.1716     inf  2.311  12.82
GM1        38.5   55.0   -208.4  51.36  61.57 0.1085 0.1206  1.0215     inf  2.310  12.96
GM1        38.5   60.0   -211.4  52.39  62.71 0.1119 0.1239  0.8686   2.306  2.309  13.03
GM1        38.5   65.0   -210.1  53.53  64.02 0.1156 0.1278  0.7205   2.251  2.307  13.10
GM1        38.5   70.0   -204.3  54.81  65.55 0.1197 0.1322  0.5757   2.070  2.306  13.18
GM1        38.5   75.0   -194.1  56.24  67.37 0.1241 0.1373  0.4431   1.687  2.305  13.26
GM1        38.5   80.0   -179.5  57.86  69.56 0.1290 0.1434  0.3497   1.260  2.303  13.35
GM1        38.5   85.0   -160.5  59.69  72.24 0.1345 0.1506  0.3011   1.021  2.302  13.44
GM1        38.5   90.0   -137.0  61.81  75.62 0.1406 0.1593  0.2725   0.898  2.302  13.55
GM1        38.5   95.0   -109.2  64.26  79.99 0.1476 0.1699  0.2529   0.830  2.303  13.66
GM1        38.5  100.0    -76.9  67.14  85.88 0.1555 0.1833  0.2406   0.804  2.306  13.79
GM1        38.5  105.0    -40.3  70.57  94.22 0.1648 0.2008  0.2289   0.782  2.314  13.94
GM1        38.5  110.0      0.8  74.73 106.97 0.1758 0.2247  0.2205   0.778  2.337  14.10
GM1        40.0   40.0   -186.3  49.99  59.84 0.1044 0.1154  1.3438     nan    nan    nan
GM1        40.0   45.0   -202.5  50.77  60.61 0.1070 0.1178  1.2012     nan    nan    nan
GM1        40.0   50.0   -214.6  51.62  61.48 0.1099 0.1204  1.0604     nan    nan    nan
GM1        40.0   55.0   -222.5  52.54  62.45 0.1130 0.1233  0.9245     nan    nan    nan
GM1        40.0   60.0   -226.3  53.56  63.56 0.1163 0.1266  0.7862     nan    nan    nan
GM1        40.0   65.0   -226.0  54.68  64.83 0.1199 0.1303  0.6521     nan    nan    nan
GM1        40.0   70.0   -221.5  55.91  66.29 0.1238 0.1345  0.5210     nan    nan    nan
GM1        40.0   75.0   -212.9  57.28  68.00 0.1281 0.1393  0.3961     nan    nan    nan
GM1        40.0   80.0   -200.1  58.82  70.02 0.1327 0.1448  0.3165     nan    nan    nan
GM1        40.0   85.0   -183.2  60.54  72.45 0.1378 0.1514  0.2759     nan    nan    nan
GM1        40.0   90.0   -162.2  62.50  75.42 0.1434 0.1590  0.2529     nan    nan    nan
GM1        40.0   95.0   -137.0  64.74  79.15 0.1497 0.1682  0.2406     nan    nan    nan
GM1        40.0  100.0   -107.6  67.33  83.95 0.1567 0.1794  0.2289     nan    nan    nan
GM1        40.0  105.0    -74.2  70.34  90.38 0.1647 0.1934  0.2205     nan    nan    nan
GM1        40.0  110.0    -36.6  73.91  99.43 0.1740 0.2112  0.2150     nan    nan    nan
GM1        40.0  115.0      5.2  78.19 113.10 0.1850 0.2354  0.2071     nan    nan    nan
GM1        41.5   40.0   -199.9  51.18  60.73 0.1090 0.1182  1.2012     inf  2.308  12.69
GM1        41.5   45.0   -216.0  51.97  61.51 0.1117 0.1206  1.0737     inf  2.307  12.71
GM1        41.5   50.0   -228.3  52.81  62.37 0.1145 0.1231  0.9597     inf  2.306  12.77
GM1        41.5   55.0   -236.6  53.73  63.34 0.1176 0.1260  0.8368   2.296  2.305  12.84
GM1        41.5   60.0   -241.1  54.73  64.42 0.1208 0.1292  0.7116   2.238  2.303  13.00
GM1        41.5   65.0   -241.6  55.83  65.65 0.1243 0.1328  0.5902   2.087  2.302  13.07
GM1        41.5   70.0   -238.3  57.03  67.05 0.1280 0.1368  0.4543   1.711  2.301  13.14
GM1        41.5   75.0   -231.0  58.35  68.67 0.1321 0.1413  0.3326   1.126  2.300  13.21
GM1        41.5   80.0   -219.9  59.82  70.56 0.1364 0.1465  0.2759   0.829  2.298  13.29
GM1        41.5   85.0   -204.9  61.45  72.79 0.1412 0.1525  0.2497   0.718  2.297  13.38
GM1        41.5   90.0   -185.9  63.29  75.47 0.1464 0.1594  0.2346   0.672  2.296  13.47
GM1        41.5   95.0   -163.1  65.36  78.73 0.1521 0.1676  0.2232   0.647  2.296  13.57
GM1        41.5  100.0   -136.3  67.72  82.81 0.1585 0.1772  0.2150   0.638  2.297  13.68
GM1        41.5  105.0   -105.7  70.43  88.05 0.1656 0.1888  0.2097   0.643  2.299  13.80
GM1        41.5  110.0    -71.2  73.57  95.03 0.1737 0.2032  0.2046   0.649  2.304  13.93
GM1        41.5  115.0    -32.8  77.27 104.78 0.1829 0.2214  0.1995   0.655  2.316  14.07
GM1        41.5  120.0      9.6  81.67 119.35 0.1938 0.2455  0.1971   0.674  2.342  14.23
GM1        42.0   40.0   -204.4  51.58  61.03 0.1106 0.1191  1.1716     nan    nan    nan
GM1        42.0   45.0   -220.5  52.37  61.81 0.1132 0.1215  1.0473     nan    nan    nan
GM1        42.0   50.0   -232.8  53.21  62.67 0.1161 0.1241  0.9245     nan    nan    nan
GM1        42.0   55.0   -241.3  54.13  63.63 0.1191 0.1269  0.8060     nan    nan    nan
GM1        42.0   60.0   -246.0  55.12  64.71 0.1223 0.1301  0.6855     nan    nan    nan
GM1        42.0   65.0   -246.8  56.21  65.93 0.1257 0.1336  0.5615     nan    nan    nan
GM1        42.0   70.0   -243.8  57.40  67.31 0.1294 0.1376  0.4268     nan    nan    nan
GM1        42.0   75.0   -237.0  58.71  68.91 0.1334 0.1420  0.3087     nan    nan    nan
GM1        42.0   80.0   -226.3  60.16  70.76 0.1377 0.1471  0.2625     nan    nan    nan
GM1        42.0   85.0   -211.9  61.77  72.93 0.1424 0.1529  0.2406     nan    nan    nan
GM1        42.0   90.0   -193.6  63.57  75.52 0.1475 0.1597  0.2289     nan    nan    nan
GM1        42.0   95.0   -171.5  65.59  78.67 0.1530 0.1675  0.2177     nan    nan    nan
GM1        42.0  100.0   -145.5  67.89  82.56 0.1592 0.1767  0.2124     nan    nan    nan
GM1        42.0  105.0   -115.8  70.51  87.50 0.1661 0.1878  0.2071     nan    nan    nan
GM1        42.0  110.0    -82.2  73.54  93.98 0.1738 0.2012  0.2020     nan    nan    nan
GM1        42.0  115.0    -44.8  77.08 102.85 0.1826 0.2180  0.1971     nan    nan    nan
GM1        42.0  120.0     -3.6  81.26 115.75 0.1928 0.2399  0.1946     nan    nan    nan
GM1        43.0   45.0   -229.6  53.17  62.41 0.1163 0.1233  0.9718     inf  2.304  12.74
GM1        43.0   50.0   -241.9  54.01  63.27 0.1191 0.1259  0.8579   2.298  2.303  12.75
GM1        43.0   55.0   -250.7  54.92  64.22 0.1221 0.1287  0.7480   2.260  2.302  12.81
GM1        43.0   60.0   -255.7  55.91  65.29 0.1252 0.1318  0.6361   2.155  2.301  12.88
GM1        43.0   65.0   -257.0  56.98  66.49 0.1286 0.1353  0.5082   1.887  2.300  13.05
GM1        43.0   70.0   -254.7  58.15  67.84 0.1322 0.1391  0.3497   1.198  2.298  13.12
GM1        43.0   75.0   -248.7  59.44  69.39 0.1361 0.1435  0.2625   0.724  2.297  13.19
GM1        43.0   80.0   -239.0  60.85  71.17 0.1402 0.1484  0.2376   0.622  2.296  13.27
GM1        43.0   85.0   -225.6  62.41  73.24 0.1447 0.1539  0.2232   0.581  2.295  13.35
GM1        43.0   90.0   -208.5  64.14  75.69 0.1496 0.1602  0.2150   0.571  2.294  13.44
GM1        43.0   95.0   -187.8  66.08  78.61 0.1549 0.1675  0.2071   0.563  2.293  13.53
GM1        43.0  100.0   -163.4  68.27  82.18 0.1607 0.1761  0.2020   0.567  2.293  13.63
GM1        43.0  105.0   -135.3  70.74  86.62 0.1671 0.1861  0.1971   0.571  2.294  13.74
GM1        43.0  110.0   -103.5  73.57  92.30 0.1743 0.1981  0.1946   0.587  2.297  13.86
GM1        43.0  115.0    -68.0  76.84  99.82 0.1823 0.2127  0.1922   0.603  2.303  13.99
GM1        43.0  120.0    -28.8  80.65 110.26 0.1915 0.2311  0.1875   0.607  2.317  14.13
GM1        43.0  125.0     14.0  85.16 125.72 0.2022 0.2552  0.1852   0.622  2.345  14.28
GM2        25.0   30.0    -87.3  33.27  41.27 0.0432 0.0568     inf     inf  2.037  12.25
GM2        25.0   35.0   -107.2  34.00  41.98 0.0455 0.0590     inf     inf  2.036  12.32
GM2        25.0   40.0   -117.5  34.88  42.89 0.0484 0.0618     inf     inf  2.034  12.39
GM2        25.0   45.0   -118.5  35.96  44.11 0.0519 0.0655     inf     inf  2.031  12.47
GM2        25.0   50.0   -110.0  37.34  45.82 0.0562 0.0708     inf     inf  2.029  12.56
GM2        25.0   55.0    -92.0  39.12  48.40 0.0619 0.0786     inf     inf  2.026  12.69
GM2        25.0   60.0    -64.7  41.55  52.72 0.0695 0.0915     inf     inf  2.025  12.87
GM2        25.0   65.0    -27.8  45.03  61.45 0.0807 0.1164  0.6282   1.860  2.042  13.10
GM2        26.0   30.0    -96.8  34.06  41.86 0.0460 0.0587     inf     nan    nan    nan
GM2        26.0   35.0   -116.2  34.80  42.58 0.0484 0.0609     inf     nan    nan    nan
GM2        26.0   40.0   -126.9  35.67  43.48 0.0513 0.0636     inf     nan    nan    nan
GM2        26.0   45.0   -129.1  36.73  44.65 0.0547 0.0672     inf     nan    nan    nan
GM2        26.0   50.0   -122.6  38.03  46.23 0.0589 0.0721     inf     nan    nan    nan
GM2        26.0   55.0   -107.5  39.67  48.48 0.0642 0.0791     inf     nan    nan    nan
GM2        26.0   60.0    -83.8  41.81  51.95 0.0709 0.0896     inf     nan    nan    nan
GM2        26.0   65.0    -51.4  44.72  57.99 0.0802 0.1071     inf     nan    nan    nan
GM2        26.0   70.0    -10.5  48.89  71.10 0.0940 0.1430  0.4376     nan    nan    nan
GM2        26.5   30.0   -101.4  34.46  42.16 0.0475 0.0596     inf     inf  2.033  12.22
GM2        26.5   35.0   -120.7  35.20  42.88 0.0499 0.0618     inf     inf  2.032  12.28
GM2        26.5   40.0   -131.6  36.07  43.77 0.0528 0.0646     inf     inf  2.030  12.35
GM2        26.5   45.0   -134.3  37.11  44.92 0.0562 0.0681     inf     inf  2.028  12.43
GM2        26.5   50.0   -128.7  38.38  46.45 0.0603 0.0729     inf     inf  2.025  12.51
GM2        26.5   55.0   -114.9  39.97  48.58 0.0654 0.0795     inf     inf  2.023  12.63
GM2        26.5   60.0    -92.7  42.00  51.76 0.0719 0.0892     inf     inf  2.020  12.77
GM2        26.5   65.0    -62.3  44.70  56.99 0.0804 0.1045     inf     inf  2.021  12.97
GM2        26.5   70.0    -23.7  48.45  67.26 0.0926 0.1327  0.4835   1.637  2.049  13.21
GM2        28.0   35.0   -134.2  36.40  43.78 0.0545 0.0647     inf     nan    nan    nan
GM2        28.0   40.0   -145.6  37.26  44.66 0.0574 0.0674     inf     nan    nan    nan
GM2        28.0   45.0   -149.6  38.27  45.76 0.0608 0.0709     inf     nan    nan    nan
GM2        28.0   50.0   -146.3  39.47  47.17 0.0647 0.0753     inf     nan    nan    nan
GM2        28.0   55.0   -135.6  40.92  49.03 0.0694 0.0812     inf     nan    nan    nan
GM2        28.0   60.0   -117.6  42.71  51.60 0.0751 0.0891     inf     nan    nan    nan
GM2        28.0   65.0    -92.2  44.97  55.40 0.0823 0.1005     inf     nan    nan    nan
GM2        28.0   70.0    -59.5  47.91  61.57 0.0915 0.1180  1.3271     nan    nan    nan
GM2        28.0   75.0    -19.4  51.91  73.33 0.1045 0.1491  0.4061     nan    nan    nan
GM2        29.5   35.0   -147.7  37.60  44.68 0.0592 0.0676     inf     inf  2.024  12.21
GM2        29.5   40.0   -159.4  38.45  45.55 0.0622 0.0704     inf     inf  2.023  12.28
GM2        29.5   45.0   -164.6  39.44  46.62 0.0655 0.0737     inf     inf  2.021  12.35
GM2        29.5   50.0   -163.1  40.59  47.94 0.0693 0.0779     inf     inf  2.019  12.43
GM2        29.5   55.0   -154.9  41.94  49.61 0.0738 0.0833     inf     inf  2.016  12.52
GM2        29.5   60.0   -140.2  43.57  51.82 0.0790 0.0902     inf     inf  2.014  12.63
GM2        29.5   65.0   -118.8  45.55  54.86 0.0852 0.0994     inf     inf  2.012  12.77
GM2        29.5   70.0    -90.8  48.02  59.30 0.0929 0.1124     inf     inf  2.011  12.94
GM2        29.5   75.0    -56.2  51.18  66.41 0.1027 0.1318  0.5146   1.642  2.018  13.17
GM2        29.5   80.0    -15.0  55.39  79.62 0.1162 0.1652  0.3585   1.309  2.070  13.47
GM2        30.0   35.0   -152.2  38.00  44.98 0.0608 0.0686     inf     nan    nan    nan
GM2        30.0   40.0   -164.0  38.85  45.85 0.0638 0.0713     inf     nan    nan    nan
GM2        30.0   45.0   -169.5  39.83  46.90 0.0671 0.0747     inf     nan    nan    nan
GM2        30.0   50.0   -168.5  40.96  48.20 0.0709 0.0788     inf     nan    nan    nan
GM2        30.0   55.0   -161.1  42.29  49.83 0.0752 0.0840     inf     nan    nan    nan
GM2        30.0   60.0   -147.3  43.87  51.95 0.0803 0.0907     inf     nan    nan    nan
GM2        30.0   65.0   -127.1  45.78  54.81 0.0863 0.0994     inf     nan    nan    nan
GM2        30.0   70.0   -100.5  48.14  58.88 0.0936 0.1114     inf     nan    nan    nan
GM2        30.0   75.0    -67.5  51.11  65.16 0.1028 0.1287  0.5829     nan    nan    nan
GM2        30.0   80.0    -28.0  54.99  76.07 0.1150 0.1566  0.3721     nan    nan    nan
GM2        31.0   35.0   -161.2  38.80  45.58 0.0641 0.0705     inf     inf  2.021  12.18
GM2        31.0   40.0   -173.2  39.65  46.45 0.0671 0.0733     inf     inf  2.019  12.25
GM2        31.0   45.0   -179.2  40.61  47.48 0.0704 0.0767     inf     inf  2.017  12.32
GM2        31.0   50.0   -179.2  41.72  48.73 0.0741 0.0807     inf     inf  2.015  12.40
GM2        31.0   55.0   -173.2  43.01  50.28 0.0783 0.0856     inf     inf  2.013  12.47
GM2        31.0   60.0   -161.1  44.51  52.25 0.0831 0.0918     inf     inf  2.011  12.57
GM2        31.0   65.0   -143.1  46.30  54.82 0.0888 0.0998     inf     inf  2.008  12.68
GM2        31.0   70.0   -119.0  48.47  58.34 0.0954 0.1102     inf     inf  2.007  12.83
GM2        31.0   75.0    -88.8  51.13  63.44 0.1036 0.1246     inf     inf  2.008  13.01
GM2        31.0   80.0    -52.7  54.50  71.49 0.1139 0.1456  0.4010   1.371  2.019  13.25
GM2        31.0   85.0    -10.5  58.88  86.09 0.1278 0.1807  0.3245   1.193  2.083  13.53
GM2        32.0   40.0   -182.4  40.44  47.04 0.0704 0.0753     inf     nan    nan    nan
GM2        32.0   45.0   -188.9  41.40  48.06 0.0737 0.0786     inf     nan    nan    nan
GM2        32.0   50.0   -189.8  42.49  49.28 0.0773 0.0826     inf     nan    nan    nan
GM2        32.0   55.0   -184.9  43.73  50.76 0.0814 0.0873     inf     nan    nan    nan
GM2        32.0   60.0   -174.4  45.18  52.60 0.0860 0.0932     inf     nan    nan    nan
GM2        32.0   65.0   -158.2  46.87  54.96 0.0914 0.1005     inf     nan    nan    nan
GM2        32.0   70.0   -136.3  48.88  58.08 0.0976 0.1098     inf     nan    nan    nan
GM2        32.0   75.0   -108.8  51.31  62.39 0.1049 0.1222     inf     nan    nan    nan
GM2        32.0   80.0    -75.5  54.31  68.75 0.1140 0.1392  0.4322     nan    nan    nan
GM2        32.0   85.0    -36.6  58.10  79.08 0.1255 0.1646  0.3326     nan    nan    nan
GM2        32.5   40.0   -187.0  40.84  47.34 0.0721 0.0763     inf     inf  2.016  12.22
GM2        32.5   45.0   -193.7  41.79  48.35 0.0753 0.0796     inf     inf  2.014  12.29
GM2        32.5   50.0   -195.0  42.87  49.55 0.0789 0.0835     inf     inf  2.012  12.36
GM2        32.5   55.0   -190.7  44.10  51.01 0.0830 0.0882     inf     inf  2.010  12.44
GM2        32.5   60.0   -180.9  45.52  52.80 0.0875 0.0939     inf     inf  2.008  12.53
GM2        32.5   65.0   -165.5  47.17  55.06 0.0927 0.1009     inf     inf  2.005  12.64
GM2        32.5   70.0   -144.7  49.12  58.02 0.0987 0.1098     inf     inf  2.004  12.76
GM2        32.5   75.0   -118.3  51.45  62.03 0.1058 0.1214     inf     inf  2.003  12.92
GM2        32.5   80.0    -86.3  54.30  67.79 0.1143 0.1370  0.4543   1.471  2.006  13.11
GM2        32.5   85.0    -48.9  57.85  76.77 0.1249 0.1593  0.3410   1.185  2.021  13.35
GM2        32.5   89.3    -12.3  61.68  89.78 0.1368 0.1891  0.3011     nan    nan    nan
GM2        32.5   90.0     -5.9  62.40  92.72 0.1391 0.1956  0.2937   1.075  2.096  13.63
GM2        34.0   40.0   -200.7  42.04  48.23 0.0772 0.0794     inf     nan    nan    nan
GM2        34.0   45.0   -208.1  42.98  49.23 0.0804 0.0826     inf     nan    nan    nan
GM2        34.0   50.0   -210.4  44.03  50.39 0.0839 0.0864     inf     nan    nan    nan
GM2        34.0   55.0   -207.5  45.21  51.77 0.0878 0.0909     inf     nan    nan    nan
GM2        34.0   60.0   -199.6  46.56  53.43 0.0921 0.0962     inf     nan    nan    nan
GM2        34.0   65.0   -186.6  48.11  55.47 0.0969 0.1026     inf     nan    nan    nan
GM2        34.0   70.0   -168.5  49.90  58.05 0.1024 0.1104     inf     nan    nan    nan
GM2        34.0   85.0    -83.5  57.51  72.34 0.1249 0.1493  0.3540     nan    nan    nan
GM2        34.0   90.0    -45.0  61.23  82.25 0.1358 0.1727  0.3011     nan    nan    nan
GM2        35.5   45.0   -222.3  44.16  50.11 0.0855 0.0857     inf     inf  2.007  12.26
GM2        35.5   50.0   -225.5  45.19  51.23 0.0890 0.0894     inf     inf  2.006  12.32
GM2        35.5   55.0   -223.9  46.34  52.55 0.0927 0.0937     inf     inf  2.004  12.40
GM2        35.5   60.0   -217.7  47.63  54.12 0.0968 0.0987     inf     inf  2.002  12.48
GM2        35.5   90.0    -80.4  60.76  77.08 0.1353 0.1616  0.3011   0.997  2.004  13.30
GM2        35.5   95.0    -40.9  64.63  87.90 0.1463 0.1857  0.2725   0.937  2.028  13.53
GM2        36.0   45.0   -227.0  44.56  50.40 0.0872 0.0867     inf     nan    nan    nan
GM2        36.0   50.0   -230.5  45.58  51.52 0.0906 0.0904     inf     nan    nan    nan
GM2        36.0   55.0   -229.3  46.72  52.82 0.0943 0.0946     inf     nan    nan    nan
GM2        36.0   60.0   -223.5  48.00  54.35 0.0984 0.0995     inf     nan    nan    nan
GM2        36.0   95.0    -53.3  64.37  85.52 0.1458 0.1808  0.2691     nan    nan    nan
GM2        36.0  100.0    -10.5  68.88 101.09 0.1588 0.2128  0.2497     nan    nan    nan
GM2        37.0   45.0   -236.4  45.35  50.99 0.0907 0.0888     inf     inf  2.004  12.20
GM2        37.0   50.0   -240.4  46.36  52.09 0.0940 0.0924     inf     inf  2.003  12.31
GM2        37.0   55.0   -239.9  47.48  53.36 0.0977 0.0965     inf     inf  2.001  12.38
GM2        37.0   95.0    -77.0  64.04  81.98 0.1454 0.1736  0.2658   0.867  2.004  13.39
GM2        37.0  100.0    -36.8  68.05  93.70 0.1566 0.1983  0.2497   0.848  2.033  13.62
GM2        38.0   50.0   -250.2  47.14  52.66 0.0975 0.0944     inf     nan    nan    nan
GM2        38.0  100.0    -61.6  67.53  88.86 0.1555 0.1888  0.2436     nan    nan    nan
GM2        38.0  105.0    -19.4  71.90 103.23 0.1675 0.2170  0.2317     nan    nan    nan
GM2        38.5  100.0    -73.5  67.35  87.05 0.1553 0.1853  0.2406   0.772  2.005  13.47
GM2        38.5  105.0    -32.5  71.49  99.65 0.1665 0.2103  0.2289   0.764  2.038  13.70
GM2        40.0  105.0    -69.8  70.69  92.26 0.1649 0.1966  0.2205     nan    nan    nan
GM2        40.0  110.0    -28.2  74.95 105.72 0.1760 0.2218  0.2150     nan    nan    nan
GM2        41.5  110.0    -66.0  74.05  97.60 0.1742 0.2075  0.2046   0.639  2.009  13.63
GM2        41.5  115.0    -23.8  78.42 111.91 0.1852 0.2328  0.1995   0.648  2.049  13.85
GM2        42.0  110.0    -78.0  73.86  95.68 0.1740 0.2041  0.2020     nan    nan    nan
GM2        42.0  115.0    -36.9  78.02 108.45 0.1843 0.2270  0.1971     nan    nan    nan
GM2        43.0  115.0    -62.1  77.42 103.07 0.1832 0.2180  0.1922   0.596  2.012  13.70
GM2        43.0  120.0    -19.4  81.90 118.21 0.1940 0.2433  0.1898   0.613  2.054  13.91
IOPB-I     25.0   50.0     65.1  43.57  58.08 0.0804 0.1147  0.8368   2.136  2.138  13.02
IOPB-I     25.0   55.0     30.7  44.25  58.89 0.0828 0.1170  0.7573   2.121  2.138  13.32
IOPB-I     25.0   60.0     10.4  45.12  59.99 0.0857 0.1201  0.6686   2.082  2.138  13.41
IOPB-I     25.0   65.0      4.1  46.26  61.60 0.0896 0.1245  0.5757   2.000  2.139  13.51
IOPB-I     25.0   70.0     11.8  47.82  64.15 0.0948 0.1315  0.4896   1.862  2.142  13.47
IOPB-I     25.0   75.0     33.6  50.11  68.80 0.1024 0.1437  0.4112   1.667  2.153  13.73
IOPB-I     25.0   80.0     69.5  53.76  80.02 0.1147 0.1720  0.3410   1.448  2.217  13.94
IOPB-I     26.5   50.0     56.1  44.94  59.38 0.0853 0.1184  0.7205   2.104  2.135  13.19
IOPB-I     26.5   55.0     23.8  45.65  60.22 0.0877 0.1207  0.6603   2.072  2.135  13.28
IOPB-I     26.5   60.0      3.1  46.51  61.31 0.0906 0.1238  0.5976   2.017  2.135  13.37
IOPB-I     26.5   65.0     -6.0  47.58  62.79 0.0943 0.1279  0.5342   1.933  2.135  13.45
IOPB-I     26.5   70.0     -3.5  48.96  64.90 0.0989 0.1336  0.4716   1.809  2.137  13.55
IOPB-I     26.5   75.0     10.6  50.79  68.14 0.1049 0.1422  0.4112   1.643  2.142  13.67
IOPB-I     26.5   80.0     36.3  53.36  73.80 0.1133 0.1565  0.3585   1.468  2.157  13.82
IOPB-I     28.0   50.0     47.8  46.32  60.68 0.0902 0.1221  0.6440   2.055  2.131  13.15
IOPB-I     28.0   55.0     17.0  47.04  61.55 0.0926 0.1245  0.5976   2.011  2.131  13.25
IOPB-I     28.0   60.0     -4.0  47.90  62.64 0.0956 0.1275  0.5477   1.946  2.131  13.32
IOPB-I     28.0   65.0    -15.1  48.93  64.03 0.0990 0.1313  0.4957   1.852  2.132  13.42
IOPB-I     28.0   70.0    -16.3  50.19  65.90 0.1033 0.1364  0.4487   1.738  2.133  13.52
IOPB-I     28.0   75.0     -7.7  51.79  68.51 0.1085 0.1433  0.4010   1.591  2.136  13.63
IOPB-I     28.0   80.0     10.9  53.86  72.44 0.1152 0.1533  0.3585   1.437  2.143  13.75
IOPB-I     28.0   85.0     39.3  56.65  79.00 0.1242 0.1693  0.3245   1.317  2.161  13.91
IOPB-I     29.5   50.0     39.9  47.71  62.00 0.0951 0.1258  0.5829   1.988  2.128  13.12
IOPB-I     29.5   55.0     10.1  48.44  62.89 0.0976 0.1282  0.5409   1.928  2.128  13.21
IOPB-I     29.5   60.0    -11.0  49.29  63.96 0.1005 0.1312  0.5019   1.856  2.128  13.30
IOPB-I     29.5   65.0    -23.6  50.29  65.30 0.1039 0.1349  0.4658   1.772  2.128  13.39
IOPB-I     29.5   70.0    -27.6  51.48  67.02 0.1078 0.1395  0.4268   1.661  2.129  13.49
IOPB-I     29.5   75.0    -22.9  52.93  69.27 0.1125 0.1454  0.3863   1.520  2.131  13.59
IOPB-I     29.5   80.0     -9.7  54.72  72.39 0.1183 0.1534  0.3540   1.397  2.135  13.70
IOPB-I     29.5   85.0     12.2  56.99  76.97 0.1255 0.1646  0.3204   1.262  2.144  13.83
IOPB-I     29.5   90.0     42.6  59.98  84.36 0.1349 0.1818  0.2973   1.187  2.166  13.99
IOPB-I     31.0   50.0     32.3  49.10  63.32 0.1001 0.1295  0.5276   1.899  2.124  13.09
IOPB-I     31.0   55.0      3.3  49.84  64.22 0.1026 0.1320  0.4957   1.835  2.124  13.18
IOPB-I     31.0   60.0    -18.0  50.69  65.29 0.1055 0.1349  0.4658   1.762  2.124  13.28
IOPB-I     31.0   65.0    -31.7  51.66  66.59 0.1087 0.1384  0.4322   1.665  2.125  13.37
IOPB-I     31.0   70.0    -37.8  52.80  68.20 0.1125 0.1427  0.4010   1.559  2.126  13.47
IOPB-I     31.0   75.0    -36.2  54.15  70.23 0.1168 0.1480  0.3675   1.427  2.127  13.56
IOPB-I     31.0   80.0    -27.1  55.76  72.88 0.1220 0.1548  0.3410   1.318  2.130  13.66
IOPB-I     31.0   85.0    -10.3  57.73  76.49 0.1281 0.1637  0.3165   1.217  2.136  13.78
IOPB-I     31.0   90.0     14.1  60.18  81.69 0.1357 0.1759  0.2937   1.132  2.147  13.91
IOPB-I     31.0   95.0     46.1  63.33  89.84 0.1453 0.1938  0.2725   1.064  2.170  14.07
IOPB-I     32.5   50.0     24.8  50.48  64.64 0.1050 0.1332  0.4835   1.798  2.121  13.06
IOPB-I     32.5   55.0     -3.5  51.23  65.55 0.1076 0.1357  0.4543   1.721  2.121  13.16
IOPB-I     32.5   60.0    -24.9  52.08  66.62 0.1104 0.1386  0.4268   1.635  2.121  13.26
IOPB-I     32.5   65.0    -39.5  53.04  67.89 0.1136 0.1420  0.4010   1.544  2.122  13.35
IOPB-I     32.5   70.0    -47.3  54.14  69.42 0.1172 0.1460  0.3768   1.449  2.122  13.44
IOPB-I     32.5   75.0    -48.2  55.41  71.30 0.1213 0.1509  0.3497   1.332  2.124  13.53
IOPB-I     32.5   80.0    -42.3  56.90  73.65 0.1260 0.1569  0.3285   1.240  2.126  13.63
IOPB-I     32.5   85.0    -29.5  58.67  76.70 0.1314 0.1644  0.3048   1.136  2.130  13.74
IOPB-I     32.5   90.0    -10.0  60.79  80.79 0.1379 0.1740  0.2864   1.066  2.136  13.86
IOPB-I     32.5   95.0     16.5  63.41  86.58 0.1457 0.1870  0.2691   1.010  2.149  13.99
IOPB-I     32.5  100.0     49.8  66.69  95.41 0.1554 0.2054  0.2560   0.985  2.174  14.15
IOPB-I     34.0   50.0     17.5  51.87  65.96 0.1100 0.1369  0.4431   1.678  2.118  13.03
IOPB-I     34.0   55.0    -10.2  52.63  66.89 0.1125 0.1394  0.4215   1.606  2.118  13.12
IOPB-I     34.0   60.0    -31.8  53.48  67.96 0.1153 0.1422  0.3961   1.511  2.118  13.24
IOPB-I     34.0   65.0    -47.1  54.42  69.20 0.1184 0.1456  0.3768   1.433  2.118  13.33
IOPB-I     34.0   70.0    -56.3  55.49  70.67 0.1219 0.1494  0.3540   1.332  2.119  13.42
IOPB-I     34.0   75.0    -59.2  56.71  72.43 0.1258 0.1539  0.3326   1.234  2.120  13.51
IOPB-I     34.0   80.0    -55.9  58.11  74.58 0.1301 0.1594  0.3125   1.141  2.122  13.56
IOPB-I     34.0   85.0    -46.5  59.73  77.26 0.1351 0.1659  0.2937   1.059  2.125  13.70
IOPB-I     34.0   90.0    -30.8  61.64  80.69 0.1408 0.1740  0.2759   0.988  2.130  13.81
IOPB-I     34.0   95.0     -8.9  63.91  85.25 0.1475 0.1843  0.2625   0.948  2.138  13.93
IOPB-I     34.0  100.0     19.2  66.66  91.60 0.1555 0.1978  0.2497   0.918  2.151  14.07
IOPB-I     34.0  105.0     53.5  70.07 101.05 0.1652 0.2165  0.2406   0.912  2.177  14.22
IOPB-I     35.5   50.0     10.3  53.27  67.29 0.1149 0.1405  0.4112   1.557  2.115  13.00
IOPB-I     35.5   55.0    -17.0  54.03  68.22 0.1175 0.1430  0.3912   1.478  2.115  13.09
IOPB-I     35.5   60.0    -38.6  54.87  69.29 0.1202 0.1459  0.3721   1.397  2.115  13.23
IOPB-I     35.5   65.0    -54.6  55.81  70.51 0.1233 0.1491  0.3497   1.293  2.115  13.31
IOPB-I     35.5   70.0    -64.9  56.85  71.94 0.1266 0.1528  0.3285   1.190  2.116  13.40
IOPB-I     35.5   75.0    -69.5  58.03  73.61 0.1303 0.1571  0.3125   1.114  2.117  13.49
IOPB-I     35.5   80.0    -68.4  59.36  75.61 0.1344 0.1621  0.2937   1.024  2.119  13.58
IOPB-I     35.5   85.0    -61.7  60.88  78.03 0.1390 0.1679  0.2794   0.965  2.121  13.67
IOPB-I     35.5   90.0    -49.2  62.63  81.03 0.1442 0.1750  0.2658   0.915  2.124  13.73
IOPB-I     35.5   95.0    -31.1  64.66  84.85 0.1501 0.1836  0.2529   0.875  2.130  13.88
IOPB-I     35.5  100.0     -7.4  67.07  89.86 0.1569 0.1944  0.2436   0.860  2.139  14.00
IOPB-I     35.5  105.0     22.1  69.94  96.73 0.1650 0.2083  0.2346   0.850  2.154  14.14
IOPB-I     35.5  110.0     57.2  73.45 106.75 0.1746 0.2270  0.2260   0.846  2.180  14.29
IOPB-I     37.0   50.0      3.1  54.66  68.61 0.1198 0.1441  0.3815   1.425  2.112  12.98
IOPB-I     37.0   55.0    -23.8  55.43  69.56 0.1224 0.1467  0.3630   1.340  2.112  13.06
IOPB-I     37.0   60.0    -45.5  56.27  70.62 0.1251 0.1495  0.3410   1.231  2.112  13.14
IOPB-I     37.0   65.0    -62.0  57.20  71.83 0.1280 0.1526  0.3245   1.148  2.113  13.30
IOPB-I     37.0   70.0    -73.2  58.22  73.22 0.1313 0.1562  0.3087   1.069  2.113  13.38
IOPB-I     37.0   75.0    -79.2  59.36  74.82 0.1348 0.1602  0.2937   0.996  2.114  13.47
IOPB-I     37.0   80.0    -80.0  60.64  76.70 0.1387 0.1649  0.2794   0.931  2.115  13.55
IOPB-I     37.0   85.0    -75.5  62.07  78.94 0.1430 0.1703  0.2658   0.876  2.117  13.64
IOPB-I     37.0   90.0    -65.8  63.71  81.64 0.1478 0.1766  0.2529   0.830  2.120  13.74
IOPB-I     37.0   95.0    -50.9  65.57  84.96 0.1531 0.1841  0.2436   0.808  2.124  13.81
IOPB-I     37.0  100.0    -30.8  67.73  89.14 0.1592 0.1931  0.2346   0.792  2.131  13.91
IOPB-I     37.0  105.0     -5.4  70.25  94.59 0.1661 0.2043  0.2260   0.782  2.141  14.02
IOPB-I     37.0  110.0     25.2  73.24 101.96 0.1742 0.2184  0.2205   0.789  2.156  14.15
IOPB-I     37.0  115.0     61.1  76.84 112.51 0.1837 0.2369  0.2124   0.787  2.182  14.35
IOPB-I     38.5   50.0     -3.9  56.05  69.94 0.1247 0.1477  0.3497   1.258  2.109  12.95
IOPB-I     38.5   55.0    -30.6  56.82  70.89 0.1272 0.1503  0.3326   1.170  2.109  13.03
IOPB-I     38.5   60.0    -52.3  57.67  71.95 0.1299 0.1530  0.3165   1.084  2.109  13.11
IOPB-I     38.5   65.0    -69.2  58.58  73.15 0.1328 0.1561  0.3011   1.004  2.110  13.28
IOPB-I     38.5   70.0    -81.3  59.59  74.51 0.1359 0.1596  0.2864   0.930  2.110  13.36
IOPB-I     38.5   75.0    -88.5  60.71  76.06 0.1393 0.1634  0.2725   0.863  2.111  13.44
IOPB-I     38.5   80.0    -90.8  61.94  77.85 0.1430 0.1678  0.2592   0.806  2.112  13.53
IOPB-I     38.5   85.0    -88.4  63.31  79.94 0.1471 0.1728  0.2497   0.776  2.114  13.61
IOPB-I     38.5   90.0    -81.0  64.85  82.41 0.1515 0.1786  0.2406   0.751  2.116  13.71
IOPB-I     38.5   95.0    -68.8  66.59  85.38 0.1564 0.1852  0.2317   0.733  2.120  13.80
IOPB-I     38.5  100.0    -51.8  68.57  89.02 0.1619 0.1931  0.2232   0.719  2.125  13.90
IOPB-I     38.5  105.0    -29.9  70.84  93.57 0.1681 0.2025  0.2177   0.722  2.132  13.98
IOPB-I     38.5  110.0     -3.1  73.47  99.44 0.1750 0.2138  0.2124   0.728  2.142  14.10
IOPB-I     38.5  115.0     28.5  76.56 107.28 0.1831 0.2280  0.2071   0.736  2.158  14.22
IOPB-I     38.5  120.0     64.9  80.24 118.30 0.1924 0.2463  0.2020   0.745  2.184  14.36
IOPB-I     40.0   50.0    -11.0  57.45  71.27 0.1295 0.1513  0.3204   1.085  2.107  12.93
IOPB-I     40.0   55.0    -37.3  58.22  72.22 0.1320 0.1538  0.3048   0.998  2.107  13.01
IOPB-I     40.0   60.0    -59.1  59.06  73.29 0.1347 0.1566  0.2900   0.916  2.107  13.08
IOPB-I     40.0   65.0    -76.4  59.98  74.47 0.1375 0.1596  0.2794   0.865  2.107  13.26
IOPB-I     40.0   70.0    -89.2  60.97  75.80 0.1405 0.1629  0.2658   0.798  2.108  13.34
IOPB-I     40.0   75.0    -97.4  62.06  77.31 0.1438 0.1666  0.2529   0.741  2.109  13.42
IOPB-I     40.0   80.0   -101.2  63.26  79.02 0.1473 0.1708  0.2436   0.710  2.110  13.50
IOPB-I     40.0   85.0   -100.4  64.58  81.00 0.1512 0.1755  0.2346   0.685  2.111  13.59
IOPB-I     40.0   90.0    -95.0  66.04  83.30 0.1554 0.1808  0.2260   0.666  2.113  13.67
IOPB-I     40.0   95.0    -85.2  67.68  86.01 0.1599 0.1868  0.2205   0.665  2.116  13.77
IOPB-I     40.0  100.0    -70.8  69.52  89.26 0.1649 0.1938  0.2124   0.654  2.120  13.86
IOPB-I     40.0  105.0    -52.0  71.60  93.20 0.1705 0.2019  0.2071   0.658  2.125  13.96
IOPB-I     40.0  110.0    -28.5  73.97  98.11 0.1767 0.2115  0.2046   0.675  2.133  14.07
IOPB-I     40.0  115.0     -0.6  76.71 104.38 0.1837 0.2231  0.1995   0.681  2.144  14.17
IOPB-I     40.0  120.0     31.8  79.89 112.66 0.1916 0.2373  0.1946   0.688  2.160  14.29
IOPB-I     40.0  125.0     68.8  83.64 124.13 0.2008 0.2552  0.1922   0.707  2.185  14.43
IOPB-I     41.5   50.0    -18.0  58.84  72.60 0.1343 0.1549  0.2937   0.912  2.104  12.93
IOPB-I     41.5   55.0    -44.1  59.62  73.56 0.1368 0.1573  0.2794   0.831  2.104  12.98
IOPB-I     41.5   60.0    -65.9  60.46  74.62 0.1394 0.1600  0.2658   0.758  2.104  13.05
IOPB-I     41.5   65.0    -83.6  61.37  75.79 0.1421 0.1630  0.2529   0.695  2.105  13.13
IOPB-I     41.5   70.0    -96.9  62.35  77.10 0.1451 0.1663  0.2406   0.646  2.105  13.32
IOPB-I     41.5   75.0   -106.1  63.42  78.57 0.1483 0.1698  0.2317   0.619  2.106  13.40
IOPB-I     41.5   80.0   -111.0  64.58  80.23 0.1517 0.1738  0.2232   0.597  2.107  13.48
IOPB-I     41.5   85.0   -111.7  65.86  82.11 0.1553 0.1782  0.2177   0.593  2.108  13.56
IOPB-I     41.5   90.0   -108.1  67.27  84.28 0.1593 0.1832  0.2124   0.592  2.110  13.65
IOPB-I     41.5   95.0   -100.4  68.83  86.79 0.1635 0.1887  0.2071   0.594  2.112  13.73
IOPB-I     41.5  100.0    -88.3  70.56  89.74 0.1682 0.1950  0.2020   0.597  2.116  13.82
IOPB-I     41.5  105.0    -72.1  72.49  93.25 0.1733 0.2023  0.1971   0.601  2.120  13.92
IOPB-I     41.5  110.0    -51.6  74.67  97.50 0.1788 0.2106  0.1946   0.617  2.126  14.02
IOPB-I     41.5  115.0    -26.9  77.14 102.75 0.1850 0.2204  0.1898   0.623  2.134  14.13
IOPB-I     41.5  120.0      2.1  79.97 109.41 0.1920 0.2320  0.1875   0.639  2.145  14.25
IOPB-I     41.5  125.0     35.3  83.23 118.11 0.1998 0.2461  0.1852   0.656  2.162  14.36
IOPB-I     41.5  130.0     72.7  87.05 129.98 0.2088 0.2636  0.1829   0.673  2.186  14.49
IOPB-I     43.0   50.0    -25.0  60.24  73.93 0.1391 0.1584  0.2625   0.707  2.102  12.92
IOPB-I     43.0   55.0    -50.8  61.02  74.89 0.1415 0.1608  0.2497   0.641  2.102  13.00
IOPB-I     43.0   60.0    -72.7  61.86  75.95 0.1440 0.1635  0.2376   0.583  2.102  13.03
IOPB-I     43.0   65.0    -90.7  62.76  77.12 0.1467 0.1664  0.2260   0.537  2.102  13.10
IOPB-I     43.0   70.0   -104.6  63.73  78.41 0.1496 0.1696  0.2177   0.521  2.103  13.30
IOPB-I     43.0   75.0   -114.5  64.78  79.85 0.1527 0.1730  0.2097   0.505  2.104  13.38
IOPB-I     43.0   80.0   -120.5  65.92  81.45 0.1559 0.1768  0.2046   0.504  2.104  13.46
IOPB-I     43.0   85.0   -122.5  67.17  83.26 0.1594 0.1810  0.1995   0.506  2.106  13.54
IOPB-I     43.0   90.0   -120.5  68.52  85.32 0.1632 0.1856  0.1946   0.510  2.107  13.62
IOPB-I     43.0   95.0   -114.5  70.01  87.67 0.1672 0.1908  0.1922   0.524  2.109  13.70
IOPB-I     43.0  100.0   -104.5  71.65  90.39 0.1715 0.1966  0.1898   0.538  2.112  13.79
IOPB-I     43.0  105.0    -90.6  73.47  93.58 0.1762 0.2031  0.1875   0.552  2.116  13.88
IOPB-I     43.0  110.0    -72.7  75.50  97.36 0.1814 0.2105  0.1852   0.567  2.120  13.98
IOPB-I     43.0  115.0    -50.8  77.77 101.91 0.1870 0.2191  0.1829   0.582  2.127  14.08
IOPB-I     43.0  120.0    -24.9  80.33 107.49 0.1931 0.2289  0.1806   0.597  2.135  14.19
IOPB-I     43.0  125.0      5.0  83.24 114.51 0.2000 0.2405  0.1784   0.612  2.147  14.30
IOPB-I     43.0  130.0     38.8  86.59 123.61 0.2077 0.2544  0.1761   0.627  2.163  14.43
